24.779170253 121.003450826
24.7791906483 121.003584266
24.7803102528 121.003416963
24.780346477 121.003544703
24.7814179756 121.003386788
24.7814201064 121.003522575
24.7826931078 121.00343205
24.7826854979 121.003566831
24.7837752401 121.003524251
24.7837956346 121.003659032
24.7849961661 121.003699601
24.784982164 121.003884003
24.7860910627 121.003968827
24.7860919758 121.004133113
24.7873405783 121.004345678
24.7873469705 121.004507616
24.788483547 121.004778855
24.7885039407 121.004932411
24.7897208633 121.00530155
24.7896885989 121.005439684
24.7908656362 121.005776301
24.7908568092 121.005934551
24.7921011025 121.006301679
24.792090145 121.006457582
24.7934552618 121.006863266
24.7934272595 121.007027552
24.7946569173 121.007351093
24.7946395683 121.007496268
24.7957800347 121.00775443
24.795771208 121.007896252
24.7968602266 121.008096747
24.7968760535 121.008240916
24.7979696278 121.008404195
24.7979802804 121.008566134
24.7990266694 121.008683816
24.7990415829 121.008831672
24.800256576 121.008931249
24.8002596195 121.009091847
24.8012186399 121.009109281
24.8012238139 121.009269878
24.8028052226 121.009410694
24.8028393097 121.009558551
24.8038625274 121.009561568
24.803953527 121.009755358
24.8050093002 121.009747311
24.8050391259 121.009903215
24.8063048851 121.009956859
24.8063551012 121.010110416
24.8072866841 121.010129526
24.8073326391 121.010286771
24.8084772495 121.010360532
24.8084696411 121.010502353
24.8097189313 121.010621376
24.8097724938 121.010801084
24.8114219629 121.011044495
24.8114067465 121.011250019
24.8128382977 121.011522934
24.8128124301 121.01167649
24.8139594245 121.011929624
24.8139871178 121.012096256
24.8149740293 121.012346707
24.8150059829 121.012532115
24.8161006145 121.012835205
24.8160704871 121.01298172
24.8171039422 121.013322361
24.8170844661 121.01346653
24.8180232717 121.01375822
24.8179888845 121.013921164
24.8188351731 121.014204137
24.818823305 121.014364734
24.8205064317 121.015166044
24.8205009542 121.015314907
24.8215066807 121.015781946
24.8214808149 121.015921421
24.8223483808 121.016347222
24.8223483808 121.01648435
24.8233574396 121.01698827
24.8233906081 121.017147861
24.8247937214 121.017900221
24.8248332798 121.018066853
24.8262774561 121.01881016
24.8263450088 121.019026414
24.8279312698 121.019696966
24.8279063182 121.019865945
24.829168801 121.020310856
24.829206228 121.020469107
24.8303920185 121.020992808
24.8304233595 121.020799018
24.8320515586 121.021355577
24.8320396918 121.021533944
24.8332686622 121.021684483
24.833271705 121.021868885
24.8344817983 121.021957733
24.8345180066 121.0221304
24.8363427084 121.022224613
24.8363789161 121.022351012
24.8379206262 121.022315808
24.8379924323 121.022453941
24.8390165766 121.02231212
24.8390938587 121.022469364
24.8399993334 121.022281609
24.8401076492 121.022418737
24.8408600759 121.022172309
24.8409264037 121.022331901
24.8420135041 121.022046916
24.8420938268 121.022182703
24.8430211856 121.021851115
24.8430875122 121.021999978
24.8441161781 121.021638215
24.844200759 121.021756232
24.8452172458 121.021291539
24.8453149084 121.021407209
24.779170253 121.003450826
24.7791906483 121.003584266
24.7803102528 121.003416963
24.780346477 121.003544703
24.7814179756 121.003386788
24.7814201064 121.003522575
24.7826931078 121.00343205
24.7826854979 121.003566831
24.7837752401 121.003524251
24.7837956346 121.003659032
24.7849961661 121.003699601
24.784982164 121.003884003
24.7860910627 121.003968827
24.7860919758 121.004133113
24.7873405783 121.004345678
24.7873469705 121.004507616
24.788483547 121.004778855
24.7885039407 121.004932411
24.7897208633 121.00530155
24.7896885989 121.005439684
24.7908656362 121.005776301
24.7908568092 121.005934551
24.7921011025 121.006301679
24.792090145 121.006457582
24.7934552618 121.006863266
24.7934272595 121.007027552
24.7946569173 121.007351093
24.7946395683 121.007496268
24.7957800347 121.00775443
24.795771208 121.007896252
24.7968602266 121.008096747
24.7968760535 121.008240916
24.7979696278 121.008404195
24.7979802804 121.008566134
24.7990266694 121.008683816
24.7990415829 121.008831672
24.800256576 121.008931249
24.8002596195 121.009091847
24.8012186399 121.009109281
24.8012238139 121.009269878
24.8028052226 121.009410694
24.8028393097 121.009558551
24.8038625274 121.009561568
24.803953527 121.009755358
24.8050093002 121.009747311
24.8050391259 121.009903215
24.8063048851 121.009956859
24.8063551012 121.010110416
24.8072866841 121.010129526
24.8073326391 121.010286771
24.8084772495 121.010360532
24.8084696411 121.010502353
24.8097189313 121.010621376
24.8097724938 121.010801084
24.8114219629 121.011044495
24.8114067465 121.011250019
24.8128382977 121.011522934
24.8128124301 121.01167649
24.8139594245 121.011929624
24.8139871178 121.012096256
24.8149740293 121.012346707
24.8150059829 121.012532115
24.8161006145 121.012835205
24.8160704871 121.01298172
24.8171039422 121.013322361
24.8170844661 121.01346653
24.8180232717 121.01375822
24.8179888845 121.013921164
24.8188351731 121.014204137
24.818823305 121.014364734
24.8205064317 121.015166044
24.8205009542 121.015314907
24.8215066807 121.015781946
24.8214808149 121.015921421
24.8223483808 121.016347222
24.8223483808 121.01648435
24.8233574396 121.01698827
24.8233906081 121.017147861
24.8247937214 121.017900221
24.8248332798 121.018066853
24.8262774561 121.01881016
24.8263450088 121.019026414
24.8279312698 121.019696966
24.8279063182 121.019865945
24.829168801 121.020310856
24.829206228 121.020469107
24.8303920185 121.020992808
24.8304233595 121.020799018
24.8320515586 121.021355577
24.8320396918 121.021533944
24.8332686622 121.021684483
24.833271705 121.021868885
24.8344817983 121.021957733
24.8345180066 121.0221304
24.8363427084 121.022224613
24.8363789161 121.022351012
24.8379206262 121.022315808
24.8379924323 121.022453941
24.8390165766 121.02231212
24.8390938587 121.022469364
24.8399993334 121.022281609
24.8401076492 121.022418737
24.8408600759 121.022172309
24.8409264037 121.022331901
24.8420135041 121.022046916
24.8420938268 121.022182703
24.8430211856 121.021851115
24.8430875122 121.021999978
24.8441161781 121.021638215
24.844200759 121.021756232
24.8452172458 121.021291539
24.8453149084 121.021407209
24.7798636907 121.00343138
24.7798947401 121.003584601
24.7809266703 121.003406905
24.7809735483 121.003567167
24.7822167231 121.003404222
24.7822337695 121.00354705
24.7833926138 121.003457196
24.7833783071 121.003615782
24.7845097453 121.003648303
24.7845015266 121.003750227
24.785623214 121.003846116
24.7856149954 121.004025154
24.786866951 121.00417804
24.7868368165 121.004367135
24.7880756712 121.004644074
24.7880771931 121.004801989
24.7893893916 121.00515604
24.7893638235 121.005298868
24.7903071004 121.005560718
24.7902510944 121.005692817
24.7914859581 121.006058268
24.7914512591 121.006214842
24.7928355585 121.006602757
24.7927962942 121.006748267
24.7942286691 121.007182114
24.794208885 121.007349081
24.795331702 121.007605232
24.7953240929 121.00774873
24.7963647213 121.007930115
24.7963227189 121.008077636
24.7974461256 121.008281484
24.7974421689 121.008411571
24.7986240024 121.008598991
24.7986325245 121.008741818
24.799774476 121.008848101
24.799775389 121.009000652
24.8007955884 121.009051949
24.8007992406 121.009201482
24.801657212 121.009219587
24.8016867342 121.009346657
24.8023931331 121.009336598
24.8024244812 121.009486131
24.8034385718 121.009507254
24.8034607891 121.00966718
24.8044502193 121.009654775
24.8044520454 121.009815708
24.8058377213 121.009882092
24.8058088088 121.010048725
24.8068435668 121.010053754
24.8068758268 121.01019524
24.8079309664 121.010264643
24.8079583567 121.010427251
24.8092727794 121.010538898
24.8092624321 121.010690778
24.8105674068 121.0108383
24.8105059321 121.010994874
24.8122040836 121.011327133
24.8122086485 121.011513881
24.8135075057 121.011730805
24.8134661178 121.011912525
24.8145969771 121.012188122
24.8145662407 121.012369841
24.8157320865 121.012668572
24.8156630064 121.012801677
24.8167807602 121.013165787
24.8166979865 121.01327341
24.8176973533 121.013590917
24.8176559668 121.013767608
24.8198050049 121.014792547
24.8197824861 121.014914587
24.8211189977 121.01555597
24.8210846113 121.015675664
24.8220039113 121.016103812
24.8219841316 121.016257033
24.8229855859 121.016737148
24.8229329421 121.016866229
24.8242161677 121.017537117
24.8241963884 121.017652787
24.8253006762 121.018213369
24.8252595965 121.018323004
24.8258511428 121.018565409
24.825839884 121.01870656
24.8269803676 121.019200757
24.8269624145 121.019395888
24.8274736205 121.019460261
24.8274544503 121.019666456
24.8284808118 121.02000542
24.8284595118 121.020147577
24.8299331612 121.020615287
24.8299057758 121.020787284
24.8314512178 121.021203697
24.831424137 121.021349207
24.830941854 121.021006554
24.8309275528 121.021169163
24.8327072747 121.021536961
24.8327249227 121.021733433
24.8339243718 121.021825299
24.8339158522 121.022001989
24.8352211757 121.022056304
24.8352674247 121.022224948
24.8359334688 121.02217298
24.8360077101 121.022367105
24.8368916046 121.02224607
24.8369871439 121.022413038
24.8375037853 121.022290327
24.8375746788 121.022455618
24.8385635322 121.022309437
24.8386654598 121.022501886
24.8396162722 121.022283621
24.8396950752 121.022462323
24.8405290452 121.022217236
24.8405719454 121.022377163
24.8415720323 121.02210559
24.8416508341 121.022274233
24.84263357 121.021923535
24.842706286 121.022085473
24.8436725841 121.021733098
24.84376538 121.0219118
24.8447630071 121.021434367
24.8448357219 121.021584235
