16 56 27 121.112480164 24.8933258057 2
16 56 30 121.113136292 24.8932819366 3
16 46 24 121.011711121 24.8606586456 1
16 46 25 121.011711121 24.8606624603 0
16 48 50 121.014091492 24.8664360046 2
16 48 52 121.014358521 24.8668231964 3
18 26 55 121.576408386 25.0400905609 1
18 26 55 121.576408386 25.0400905609 0
16 34 52 121.006126404 24.7910385132 2
16 34 54 121.006202698 24.7911968231 3
9 59 50 121.064788818 24.7638530731 1
9 59 54 121.064788818 24.7638530731 0
17 16 33 121.346824646 25.0652751923 2
17 16 36 121.347343445 25.0652999878 3
16 17 50 120.99723053 24.7879867554 1
16 17 54 120.99723053 24.7879867554 0
17 6 30 121.223968506 24.976102829 2
17 6 31 121.224143982 24.9762706757 3
11 50 21 120.997024536 24.7868041992 1
11 50 24 120.997024536 24.7868041992 0
17 26 37 121.48614502 25.0738544464 2
17 26 38 121.486312866 25.0739078522 3
17 31 56 121.532531738 25.0720214844 1
17 31 59 121.532569885 25.0720081329 0
16 36 21 121.009796143 24.8039665222 2
16 36 23 121.009803772 24.80402565 3
16 42 32 121.011856079 24.8606300354 1
16 42 35 121.01184845 24.8606643677 0
