16 53 40 121.075660706 24.883102417 2
16 53 42 121.076377869 24.8833713531 3
9 13 29 121.028770447 24.7809734344 1
9 13 31 121.028991699 24.7810440063 0
17 23 48 121.445602417 25.0707111359 2
17 23 52 121.446403503 25.0709552765 3
17 31 51 121.532424927 25.0721035004 1
17 31 54 121.53250885 25.0720386505 0
17 3 42 121.194755554 24.9452571869 2
17 3 44 121.194900513 24.9457454681 3
10 49 43 121.178863525 24.7080249786 1
10 49 46 121.178863525 24.7080249786 0
17 13 44 121.313430786 25.0451641083 2
17 13 45 121.313667297 25.0452594757 3
11 9 47 121.094955444 24.7383422852 1
11 9 51 121.094940186 24.7382984161 0
16 48 50 121.014221191 24.8667392731 2
16 48 51 121.014221191 24.8667392731 3
16 33 31 121.004600525 24.7907867432 1
16 33 35 121.004714966 24.7907276154 0
16 34 47 121.005805969 24.7902526855 2
16 34 50 121.006072998 24.7908554077 3
16 42 33 121.011749268 24.8606090546 1
16 42 34 121.011749268 24.8606338501 0
