9 38 2 121.519737244 25.0769195557 2
9 38 4 121.519737244 25.0769195557 2
9 38 8 121.520736694 25.0765991211 2
9 38 12 121.521247864 25.0764560699 2
9 38 13 121.521369934 25.076417923 2
9 38 15 121.521636963 25.0763435364 2
9 38 19 121.522224426 25.0761699677 3
9 38 22 121.522865295 25.0759944916 3
9 38 24 121.523010254 25.0759506226 3
9 38 26 121.523300171 25.0758590698 3
9 38 30 121.523910522 25.0756874084 3
9 38 33 121.524353027 25.0755558014 3
9 38 35 121.524650574 25.0754566193 3
9 38 37 121.52494812 25.0753517151 3
9 38 40 121.525398254 25.075176239 3
9 38 43 121.526016235 25.0749416351 3
9 38 46 121.526367188 25.0748176575 3
9 38 47 121.526725769 25.0746936798 3
9 38 51 121.527259827 25.0744915009 3
9 38 54 121.528007507 25.074213028 3
9 38 57 121.528388977 25.0740776062 3
9 38 58 121.528594971 25.0740089417 3
9 39 2 121.529426575 25.073677063 3
9 39 5 121.530212402 25.0733299255 3
9 39 8 121.530639648 25.0731754303 3
9 39 9 121.530860901 25.0730895996 3
9 39 13 121.531738281 25.0727844238 3
9 39 16 121.532402039 25.0726451874 3
9 39 18 121.533119202 25.0725879669 3
9 39 20 121.533363342 25.0725860596 3
9 39 23 121.534263611 25.0726413727 3
9 39 27 121.534919739 25.0727291107 3
9 39 30 121.535545349 25.072807312 3
9 39 30 121.535743713 25.0728321075 3
9 39 34 121.536369324 25.0729179382 3
9 39 38 121.537200928 25.0730228424 3
9 39 41 121.537818909 25.0731086731 3
9 39 41 121.537818909 25.0731086731 3
9 39 41 121.538024902 25.0731334686 3
9 39 45 121.538658142 25.0732002258 3
9 39 48 121.539474487 25.0732498169 3
9 39 52 121.540100098 25.0732822418 3
9 39 52 121.540100098 25.0732822418 3
9 39 55 121.540931702 25.0732936859 3
9 39 59 121.541809082 25.0733013153 3
9 40 3 121.542419434 25.0732822418 3
9 40 3 121.542419434 25.0732822418 3
9 40 4 121.542617798 25.0732688904 3
9 40 6 121.54322052 25.0732460022 3
9 40 10 121.543815613 25.0732269287 3
9 40 14 121.544616699 25.0732059479 3
9 40 14 121.544616699 25.0732059479 3
9 40 17 121.545417786 25.0732059479 3
9 40 20 121.545837402 25.0732059479 3
9 40 21 121.546058655 25.0732059479 3
9 40 23 121.54649353 25.0731925964 3
9 40 25 121.546943665 25.0731773376 3
9 40 25 121.546943665 25.0731773376 3
9 40 28 121.547645569 25.0731639862 3
9 40 32 121.548591614 25.0731563568 3
9 40 36 121.549537659 25.0731391907 3
9 40 36 121.549537659 25.0731391907 3
9 40 39 121.550498962 25.0731258392 3
9 40 43 121.551208496 25.0731124878 3
9 40 46 121.55191803 25.0730953217 3
9 40 47 121.55216217 25.0730857849 3
9 40 47 121.55216217 25.0730857849 3
9 40 50 121.552894592 25.073059082 3
9 40 54 121.553863525 25.0730247498 3
9 40 57 121.554794312 25.0730018616 3
9 40 58 121.554794312 25.0730018616 3
9 41 1 121.555717468 25.0729427338 3
9 41 5 121.556411743 25.0728569031 3
9 41 8 121.557319641 25.0726833344 3
9 41 9 121.557319641 25.0726833344 3
9 41 10 121.557548523 25.0726299286 3
9 41 12 121.557998657 25.0725078583 3
9 41 15 121.558876038 25.0722122192 3
9 41 19 121.559532166 25.0719814301 3
9 41 20 121.559738159 25.0718994141 3
9 41 23 121.560371399 25.0716686249 3
9 41 26 121.561225891 25.0714073181 3
9 41 30 121.56186676 25.071264267 3
9 41 31 121.562088013 25.0712299347 3
9 41 34 121.562759399 25.0711421967 3
9 41 37 121.563423157 25.0710792542 3
9 41 38 121.563652039 25.0710773468 3
9 41 41 121.564338684 25.0710906982 3
9 41 42 121.564559937 25.0710945129 3
9 41 43 121.564796448 25.0710983276 3
9 41 44 121.56502533 25.0711040497 3
9 41 45 121.565261841 25.0711097717 3
9 41 49 121.566184998 25.0711269379 3
9 41 52 121.567054749 25.071144104 3
9 41 53 121.567054749 25.071144104 3
9 41 56 121.567695618 25.071149826 3
9 41 59 121.568580627 25.0711307526 3
9 42 3 121.569252014 25.071100235 3
9 42 4 121.569473267 25.0710887909 3
9 42 7 121.570144653 25.0710525513 3
9 42 11 121.57106781 25.0709915161 3
9 42 14 121.571762085 25.0709323883 3
9 42 15 121.572189331 25.0708827972 3
9 42 18 121.572631836 25.0708274841 3
9 42 22 121.573554993 25.070690155 3
9 42 25 121.574447632 25.0705242157 3
9 42 26 121.574676514 25.0704784393 3
9 42 29 121.575126648 25.0703907013 3
9 42 32 121.576049805 25.0701999664 3
9 42 35 121.576538086 25.0700817108 3
9 42 36 121.577003479 25.0699577332 3
9 42 37 121.577003479 25.0699577332 3
9 42 40 121.577690125 25.0697727203 3
9 42 44 121.578605652 25.0694942474 3
9 42 47 121.579284668 25.069278717 3
9 42 48 121.57951355 25.0692043304 3
9 42 50 121.580192566 25.0689601898 3
9 42 54 121.58089447 25.0687046051 3
9 42 58 121.581832886 25.0683517456 3
9 42 59 121.582069397 25.0682582855 3
9 43 1 121.582771301 25.0679759979 3
9 43 5 121.583450317 25.0677051544 3
9 43 8 121.584320068 25.0673274994 3
9 43 10 121.584762573 25.0671405792 3
9 43 12 121.584976196 25.0670375824 3
9 43 16 121.585853577 25.0666599274 3
9 43 18 121.586288452 25.0664768219 3
9 43 20 121.586723328 25.0662918091 3
9 43 21 121.586936951 25.066198349 3
9 43 23 121.587356567 25.0660076141 3
9 43 23 121.587356567 25.0660076141 3
9 43 26 121.587989807 25.0657424927 3
9 43 27 121.588195801 25.0656604767 3
9 43 28 121.588394165 25.065568924 3
9 43 31 121.589004517 25.065322876 3
9 43 32 121.589004517 25.065322876 3
9 43 33 121.589378357 25.0651741028 3
9 43 34 121.58971405 25.0650444031 3
9 43 38 121.590164185 25.0648765564 3
9 43 42 121.590644836 25.0646972656 3
9 43 44 121.590827942 25.0646400452 3
9 43 45 121.590995789 25.0645942688 3
9 43 49 121.591247559 25.0645198822 3
9 43 52 121.591506958 25.0644550323 3
9 43 55 121.591781616 25.0643939972 3
9 43 56 121.591888428 25.0643692017 3
9 44 0 121.592292786 25.0642642975 3
9 44 3 121.592544556 25.0642051697 3
9 44 6 121.592765808 25.0641517639 3
9 44 7 121.592826843 25.0641365051 3
9 44 10 121.593078613 25.0640792847 3
9 44 14 121.593307495 25.0640335083 3
9 44 17 121.593559265 25.063993454 3
9 44 18 121.593643188 25.0639801025 3
9 44 21 121.593910217 25.0639419556 3
9 44 25 121.594146729 25.06391716 3
9 44 28 121.59425354 25.0639095306 3
9 44 28 121.594276428 25.0639133453 3
9 44 32 121.594276428 25.0639209747 3
9 44 35 121.594314575 25.0639209747 3
9 44 39 121.594436646 25.0638961792 3
9 44 39 121.594436646 25.0638961792 3
9 44 43 121.594703674 25.0638561249 3
9 44 46 121.594871521 25.0638427734 3
9 44 50 121.594985962 25.0638256073 3
9 44 50 121.594985962 25.0638256073 3
9 44 54 121.59526825 25.0637950897 3
9 44 57 121.595649719 25.0637874603 3
9 45 1 121.59602356 25.0637607574 3
9 45 1 121.59602356 25.0637607574 3
9 45 4 121.5963974 25.0637435913 3
9 45 4 121.59651947 25.0637359619 3
9 45 8 121.596939087 25.0637264252 3
9 45 11 121.597366333 25.0637207031 3
9 45 12 121.597488403 25.0637187958 3
9 45 12 121.597610474 25.0637226105 3
9 45 15 121.59790802 25.0637397766 3
9 45 19 121.598220825 25.063747406 3
9 45 22 121.598587036 25.063747406 3
9 45 23 121.598686218 25.0637512207 3
9 45 26 121.598892212 25.0637645721 3
9 45 30 121.599334717 25.0638217926 3
9 45 33 121.599830627 25.0638771057 3
9 45 34 121.599960327 25.0638866425 3
9 45 37 121.600227356 25.0639286041 3
9 45 38 121.600364685 25.0639457703 3
9 45 41 121.600776672 25.0640048981 3
9 45 41 121.600776672 25.0640048981 3
9 45 45 121.60131073 25.06407547 3
9 45 45 121.60144043 25.0640888214 3
9 45 48 121.601669312 25.0641174316 3
9 45 52 121.602096558 25.0641765594 3
9 45 55 121.602432251 25.0642185211 3
9 45 56 121.602676392 25.064250946 3
9 45 59 121.602912903 25.064289093 3
9 46 2 121.603393555 25.0643539429 3
9 46 6 121.603691101 25.0643920898 3
9 46 6 121.603691101 25.0643920898 3
9 46 8 121.603866577 25.0644111633 3
9 46 10 121.603996277 25.0644340515 3
9 46 13 121.604179382 25.0644607544 3
9 46 17 121.604446411 25.0644931793 3
9 46 19 121.604598999 25.0645141602 3
9 46 19 121.604598999 25.0645141602 3
9 46 20 121.604682922 25.0645217896 3
9 46 24 121.605064392 25.0645618439 3
9 46 27 121.605499268 25.0646038055 3
9 46 30 121.605690002 25.0646286011 3
9 46 31 121.605789185 25.0646495819 3
9 46 34 121.606185913 25.0647163391 3
9 46 38 121.60647583 25.0647468567 3
9 46 41 121.606788635 25.0647907257 3
9 46 41 121.606918335 25.0648040771 3
9 46 45 121.607269287 25.0648345947 3
9 46 47 121.607521057 25.0648574829 3
9 46 49 121.607772827 25.0648956299 3
9 46 52 121.608192444 25.0649623871 3
9 46 53 121.608337402 25.0649776459 3
9 46 56 121.608757019 25.0650157928 3
9 46 57 121.608886719 25.0650291443 3
9 47 0 121.609298706 25.065076828 3
9 47 3 121.609771729 25.0651321411 3
9 47 4 121.609924316 25.0651473999 3
9 47 4 121.609924316 25.0651473999 3
9 47 7 121.610443115 25.0652084351 3
9 47 11 121.611160278 25.0653018951 3
9 47 14 121.611701965 25.0653820038 3
9 47 14 121.611885071 25.065404892 3
9 47 16 121.612075806 25.0654296875 3
9 47 18 121.612487793 25.0654792786 3
9 47 19 121.612693787 25.0655021667 3
9 47 21 121.613319397 25.0655612946 3
9 47 25 121.613967896 25.0656356812 3
9 47 25 121.613967896 25.0656356812 3
9 47 29 121.614891052 25.0657444 3
9 47 32 121.615844727 25.0658569336 3
9 47 36 121.61655426 25.0659332275 3
9 47 36 121.61655426 25.0659332275 3
9 47 36 121.61655426 25.0659332275 3
9 47 40 121.617500305 25.0660362244 3
9 47 43 121.618408203 25.0661125183 3
9 47 47 121.619033813 25.0661659241 3
9 47 47 121.619033813 25.0661659241 3
9 47 50 121.619850159 25.0662517548 3
9 47 54 121.620681763 25.0663051605 3
9 47 58 121.621276855 25.0663547516 3
9 47 58 121.621276855 25.0663547516 3
9 48 1 121.622062683 25.0664272308 3
11 8 21 121.513237 25.0743103027 1
11 8 22 121.513237 25.0743103027 1
11 8 25 121.513237 25.0743103027 1
11 8 29 121.513237 25.0743103027 1
11 8 31 121.513237 25.0743103027 1
11 8 33 121.513237 25.0743103027 1
11 8 36 121.513237 25.0743103027 0
11 8 40 121.513237 25.0743103027 0
11 8 42 121.513237 25.0743103027 0
11 8 43 121.513237 25.0743103027 0
11 8 47 121.513237 25.0743103027 0
11 8 51 121.513237 25.0743103027 0
11 8 54 121.513237 25.0743103027 0
11 8 54 121.513237 25.0743103027 0
11 8 58 121.513237 25.0743103027 0
11 9 2 121.513237 25.0743103027 0
11 9 5 121.513237 25.0743103027 0
11 9 5 121.513237 25.0743103027 0
11 9 9 121.513237 25.0743103027 0
11 9 12 121.513237 25.0743103027 0
11 9 16 121.513237 25.0743103027 0
11 9 16 121.513237 25.0743103027 0
11 9 20 121.513237 25.0743103027 0
11 9 23 121.513237 25.0743103027 0
11 9 27 121.513237 25.0743103027 0
11 9 27 121.513237 25.0743103027 0
11 9 30 121.513237 25.0743103027 0
11 9 34 121.513237 25.0743103027 0
11 9 38 121.513237 25.0743103027 0
11 9 38 121.513237 25.0743103027 0
11 9 41 121.513237 25.0743103027 0
11 9 45 121.513237 25.0743103027 0
11 9 48 121.513237 25.0743103027 0
11 9 49 121.513237 25.0743103027 0
11 9 52 121.513237 25.0743103027 0
11 9 56 121.513237 25.0743103027 0
11 9 59 121.513237 25.0743103027 0
11 10 0 121.513237 25.0743103027 0
11 10 3 121.513237 25.0743103027 0
11 10 7 121.513237 25.0743103027 0
11 10 10 121.513237 25.0743103027 0
11 10 11 121.513237 25.0743103027 0
11 10 14 121.513237 25.0743103027 0
11 10 17 121.513237 25.0743103027 0
11 10 21 121.513237 25.0743103027 0
11 10 22 121.513237 25.0743103027 0
11 10 24 121.513237 25.0743103027 0
11 10 28 121.513237 25.0743103027 0
11 10 31 121.513237 25.0743103027 0
11 10 33 121.513237 25.0743103027 0
11 10 35 121.513237 25.0743103027 0
11 10 39 121.513237 25.0743103027 0
11 10 42 121.513237 25.0743103027 0
11 10 44 121.513237 25.0743103027 0
11 10 46 121.513237 25.0743103027 0
11 10 50 121.513237 25.0743103027 0
11 10 53 121.513237 25.0743103027 0
11 10 55 121.513237 25.0743103027 0
11 10 57 121.513237 25.0743103027 0
11 11 0 121.513237 25.0743103027 0
11 11 4 121.513237 25.0743103027 0
11 11 6 121.513237 25.0743103027 0
11 11 7 121.513237 25.0743103027 0
11 11 11 121.513237 25.0743103027 0
11 11 15 121.513237 25.0743103027 0
11 11 17 121.513275146 25.0743904114 0
11 11 18 121.513282776 25.0743923187 0
11 11 22 121.513282776 25.0743923187 0
11 11 25 121.513282776 25.0743923187 0
11 11 28 121.513282776 25.0743923187 0
11 11 29 121.513282776 25.0743923187 0
11 11 33 121.513282776 25.0743923187 0
11 11 36 121.513282776 25.0743923187 0
11 11 39 121.513282776 25.0743923187 0
11 11 40 121.513282776 25.0743923187 0
11 11 43 121.513282776 25.0743923187 0
11 11 47 121.513282776 25.0743923187 0
11 11 50 121.513282776 25.0743923187 0
11 11 51 121.513282776 25.0743923187 0
11 11 54 121.513282776 25.0743923187 0
11 11 58 121.513282776 25.0743923187 0
11 12 1 121.513282776 25.0743923187 0
11 12 1 121.513282776 25.0743923187 0
11 12 5 121.513282776 25.0743923187 0
11 12 8 121.513282776 25.0743923187 0
11 12 12 121.513282776 25.0743923187 0
11 12 12 121.513282776 25.0743923187 0
11 12 16 121.513282776 25.0743923187 0
11 12 19 121.513282776 25.0743923187 0
11 12 23 121.513282776 25.0743923187 0
11 12 23 121.513282776 25.0743923187 0
11 12 27 121.513282776 25.0743923187 0
11 12 30 121.513282776 25.0743923187 0
11 12 34 121.513282776 25.0743923187 0
11 12 34 121.513282776 25.0743923187 0
11 12 37 121.513282776 25.0743923187 0
11 12 41 121.513282776 25.0743923187 0
11 12 45 121.513282776 25.0743923187 0
11 12 46 121.513282776 25.0743923187 0
11 12 48 121.513282776 25.0743923187 0
11 12 52 121.513282776 25.0743923187 0
11 12 56 121.513282776 25.0743923187 0
11 12 57 121.513282776 25.0743923187 0
11 12 59 121.513282776 25.0743923187 0
11 13 3 121.513282776 25.0743923187 0
11 13 6 121.513282776 25.0743923187 0
11 13 8 121.513282776 25.0743923187 0
11 13 10 121.513282776 25.0743923187 0
11 13 14 121.513282776 25.0743923187 0
11 13 17 121.513282776 25.0743923187 0
11 13 19 121.513282776 25.0743923187 0
11 13 21 121.513282776 25.0743923187 0
11 13 25 121.513282776 25.0743923187 0
11 13 28 121.513282776 25.0743923187 0
11 13 30 121.513282776 25.0743923187 0
11 13 32 121.513282776 25.0743923187 0
11 13 35 121.513282776 25.0743923187 0
11 13 39 121.513282776 25.0743923187 0
11 13 41 121.513282776 25.0743923187 0
11 13 42 121.513282776 25.0743923187 0
11 13 46 121.513282776 25.0743923187 0
11 13 50 121.513282776 25.0743923187 0
11 13 52 121.513282776 25.0743923187 0
11 13 53 121.513282776 25.0743923187 0
11 13 57 121.513282776 25.0743923187 0
11 14 0 121.513282776 25.0743923187 0
11 14 3 121.513282776 25.0743923187 0
11 14 4 121.513282776 25.0743923187 0
11 14 8 121.513282776 25.0743923187 0
11 14 11 121.513282776 25.0743923187 0
11 14 14 121.513282776 25.0743923187 0
11 14 15 121.513282776 25.0743923187 0
11 14 19 121.513282776 25.0743923187 0
11 14 22 121.513282776 25.0743923187 0
11 14 25 121.513282776 25.0743923187 0
11 14 26 121.513282776 25.0743923187 0
11 14 30 121.513282776 25.0743923187 0
11 14 33 121.513282776 25.0743923187 0
11 14 36 121.513282776 25.0743923187 0
11 14 37 121.513282776 25.0743923187 0
11 14 40 121.513282776 25.0743923187 0
11 14 44 121.513282776 25.0743923187 0
11 14 47 121.513282776 25.0743923187 0
11 14 48 121.513282776 25.0743923187 0
11 14 51 121.513282776 25.0743923187 0
11 14 55 121.513282776 25.0743923187 0
11 14 58 121.513282776 25.0743923187 0
11 14 58 121.513282776 25.0743923187 0
11 15 2 121.513282776 25.0743923187 0
11 15 6 121.513282776 25.0743923187 0
11 15 9 121.513282776 25.0743923187 0
11 15 9 121.513282776 25.0743923187 0
11 15 13 121.513282776 25.0743923187 0
11 15 16 121.513282776 25.0743923187 0
11 15 20 121.513282776 25.0743923187 0
11 15 20 121.513282776 25.0743923187 0
11 15 24 121.513282776 25.0743923187 0
11 15 27 121.513282776 25.0743923187 0
11 15 31 121.513282776 25.0743923187 0
11 15 31 121.513282776 25.0743923187 0
11 15 35 121.513282776 25.0743923187 0
11 15 38 121.513282776 25.0743923187 0
11 15 42 121.513282776 25.0743923187 0
11 15 42 121.513282776 25.0743923187 0
11 15 45 121.513282776 25.0743923187 0
11 15 49 121.513282776 25.0743923187 0
11 15 53 121.513282776 25.0743923187 0
11 15 53 121.513282776 25.0743923187 0
11 15 56 121.513282776 25.0743923187 0
11 16 0 121.513282776 25.0743923187 0
11 16 3 121.513282776 25.0743923187 0
11 16 4 121.513282776 25.0743923187 0
11 16 7 121.513282776 25.0743923187 0
11 16 10 121.513282776 25.0743923187 0
11 16 14 121.513282776 25.0743923187 0
11 16 15 121.513282776 25.0743923187 0
11 16 18 121.513282776 25.0743923187 0
11 16 21 121.513282776 25.0743923187 0
11 16 25 121.513282776 25.0743923187 0
11 16 26 121.513282776 25.0743923187 0
11 16 28 121.513282776 25.0743923187 0
11 16 32 121.513282776 25.0743923187 0
11 16 36 121.513282776 25.0743923187 0
11 16 37 121.513282776 25.0743923187 0
11 16 39 121.513282776 25.0743923187 0
11 16 43 121.513282776 25.0743923187 0
11 16 46 121.513282776 25.0743923187 0
11 16 48 121.513282776 25.0743923187 0
11 16 50 121.513282776 25.0743923187 0
11 16 53 121.513282776 25.0743923187 0
11 16 57 121.513282776 25.0743923187 0
11 16 59 121.513282776 25.0743923187 0
11 17 1 121.513282776 25.0743923187 0
11 17 4 121.513282776 25.0743923187 0
11 17 8 121.513282776 25.0743923187 0
11 17 10 121.513282776 25.0743923187 0
11 17 12 121.513282776 25.0743923187 0
11 17 15 121.513282776 25.0743923187 0
11 17 19 121.513282776 25.0743923187 0
11 17 21 121.513282776 25.0743923187 0
11 17 22 121.513282776 25.0743923187 0
11 17 26 121.513282776 25.0743923187 0
11 17 30 121.513282776 25.0743923187 0
11 17 32 121.513282776 25.0743923187 0
11 17 33 121.513282776 25.0743923187 0
11 17 37 121.513282776 25.0743923187 0
11 17 41 121.513282776 25.0743923187 0
11 17 43 121.513282776 25.0743923187 0
11 17 44 121.513282776 25.0743923187 0
11 17 48 121.513282776 25.0743923187 0
11 17 51 121.513282776 25.0743923187 0
11 17 54 121.513282776 25.0743923187 0
11 17 55 121.513282776 25.0743923187 0
11 17 59 121.513282776 25.0743923187 0
11 18 2 121.513282776 25.0743923187 0
11 18 5 121.513282776 25.0743923187 0
11 18 6 121.513282776 25.0743923187 0
11 18 10 121.513282776 25.0743923187 0
11 18 13 121.513282776 25.0743923187 0
11 18 16 121.513282776 25.0743923187 0
11 18 17 121.513282776 25.0743923187 0
