10 8 39 121.745567322 25.1294307709 0
10 8 39 121.745567322 25.1294307709 0
10 8 43 121.745567322 25.1294307709 0
10 8 46 121.745567322 25.1294307709 0
10 8 49 121.745567322 25.1294307709 0
10 8 50 121.745567322 25.1294307709 0
10 8 54 121.745567322 25.1294307709 0
10 8 57 121.745567322 25.1294307709 0
10 9 0 121.745567322 25.1294307709 0
10 9 1 121.745567322 25.1294307709 0
10 9 4 121.745567322 25.1294307709 0
10 9 8 121.745567322 25.1294307709 0
10 9 11 121.745567322 25.1294307709 0
10 9 12 121.745567322 25.1294307709 0
10 9 15 121.745567322 25.1294307709 0
10 9 19 121.745567322 25.1294307709 0
10 9 22 121.745567322 25.1294307709 0
10 9 23 121.745567322 25.1294307709 0
10 9 26 121.745567322 25.1294307709 0
10 9 30 121.745643616 25.1294879913 0
10 9 33 121.745643616 25.1294841766 0
10 9 34 121.745643616 25.1294841766 0
10 9 37 121.745643616 25.1294841766 0
10 9 41 121.745643616 25.1294841766 0
10 9 44 121.745643616 25.1294841766 0
10 9 45 121.745643616 25.1294841766 0
10 9 48 121.745643616 25.1294841766 0
10 9 52 121.745643616 25.1294841766 0
10 9 55 121.745643616 25.1294841766 0
10 9 56 121.745643616 25.1294841766 0
10 9 59 121.745643616 25.1294841766 0
10 10 3 121.745643616 25.1294841766 0
10 10 6 121.745643616 25.1294841766 0
10 10 7 121.745643616 25.1294841766 0
10 10 10 121.745643616 25.1294841766 0
10 10 14 121.745643616 25.1294841766 0
10 10 17 121.745643616 25.1294841766 0
10 10 18 121.745643616 25.1294841766 0
10 10 21 121.745643616 25.1294841766 0
10 10 25 121.745643616 25.1294841766 0
10 10 28 121.745643616 25.1294841766 0
10 10 29 121.745643616 25.1294841766 0
10 10 32 121.745643616 25.1294841766 0
10 10 36 121.745643616 25.1294841766 0
10 10 39 121.745643616 25.1294841766 0
10 10 40 121.745643616 25.1294841766 0
10 10 43 121.745643616 25.1294841766 0
10 10 47 121.745643616 25.1294841766 0
10 10 50 121.745605469 25.1293983459 0
10 10 51 121.745605469 25.1293926239 0
10 10 54 121.745597839 25.1293907166 0
10 10 58 121.745597839 25.1293907166 0
10 11 1 121.745597839 25.1293907166 0
10 11 2 121.745597839 25.1293907166 0
10 11 5 121.745597839 25.1293907166 0
10 11 9 121.745597839 25.1293907166 0
10 11 12 121.745597839 25.1293907166 0
10 11 13 121.745597839 25.1293907166 0
10 11 16 121.745597839 25.1293907166 0
10 11 20 121.745597839 25.1293907166 0
10 11 23 121.745597839 25.1293907166 0
10 11 24 121.745597839 25.1293907166 0
10 11 27 121.745597839 25.1293907166 0
10 11 31 121.745597839 25.1293907166 0
10 11 34 121.745597839 25.1293907166 0
10 11 35 121.745597839 25.1293907166 0
10 11 38 121.745597839 25.1293907166 0
10 11 42 121.745597839 25.1293907166 0
10 11 45 121.745597839 25.1293907166 0
10 11 46 121.745597839 25.1293907166 0
10 11 50 121.745597839 25.1293907166 0
10 11 53 121.745597839 25.1293907166 0
10 11 57 121.745597839 25.1293907166 0
10 11 57 121.745597839 25.1293907166 0
10 12 0 121.745597839 25.1293907166 0
10 12 4 121.745597839 25.1293907166 0
10 12 8 121.745597839 25.1293907166 0
10 12 8 121.745597839 25.1293907166 0
10 12 11 121.745597839 25.1293907166 0
10 12 15 121.745597839 25.1293907166 0
10 12 19 121.745597839 25.1293907166 0
10 12 19 121.745597839 25.1293907166 0
10 12 22 121.745597839 25.1293907166 0
10 12 26 121.745597839 25.1293907166 0
10 12 30 121.745597839 25.1293907166 0
10 12 30 121.745597839 25.1293907166 0
10 12 33 121.745597839 25.1293907166 0
10 12 37 121.745597839 25.1293907166 0
10 12 41 121.745597839 25.1293907166 0
10 12 41 121.745597839 25.1293907166 0
10 12 44 121.745597839 25.1293907166 0
10 12 48 121.745597839 25.1293907166 0
10 12 52 121.745597839 25.1293907166 0
10 12 52 121.745597839 25.1293907166 0
10 12 56 121.745597839 25.1293907166 0
10 12 59 121.745597839 25.1293907166 0
10 13 3 121.745597839 25.1293907166 0
10 13 3 121.745597839 25.1293907166 0
10 13 7 121.745597839 25.1293907166 0
10 13 11 121.745552063 25.1293106079 0
10 13 14 121.745544434 25.1293087006 0
10 13 14 121.745544434 25.1293087006 0
10 13 18 121.745544434 25.1293087006 0
10 13 22 121.745544434 25.1293087006 0
10 13 25 121.745544434 25.1293087006 0
10 13 25 121.745544434 25.1293087006 0
10 13 29 121.745544434 25.1293087006 0
10 13 32 121.745544434 25.1293087006 0
10 13 36 121.745544434 25.1293087006 0
10 13 36 121.745544434 25.1293087006 0
10 13 40 121.745544434 25.1293087006 0
10 13 43 121.745544434 25.1293087006 0
10 13 47 121.745544434 25.1293087006 0
10 13 47 121.745544434 25.1293087006 0
10 13 51 121.745544434 25.1293087006 0
10 13 55 121.745544434 25.1293087006 0
10 13 58 121.745544434 25.1293087006 0
10 13 58 121.745544434 25.1293087006 0
10 14 2 121.745544434 25.1293087006 0
10 14 5 121.745544434 25.1293087006 0
10 14 9 121.745544434 25.1293087006 0
10 14 9 121.745544434 25.1293087006 0
10 14 13 121.745605469 25.1293888092 0
10 14 16 121.745613098 25.1294021606 0
10 14 20 121.745613098 25.1294021606 0
10 14 20 121.745613098 25.1294021606 0
10 14 24 121.745613098 25.1294021606 0
10 14 27 121.745613098 25.1294021606 0
10 14 31 121.745613098 25.1294021606 0
10 14 31 121.745613098 25.1294021606 0
10 14 35 121.745613098 25.1294021606 0
10 14 39 121.745613098 25.1294021606 0
10 14 42 121.745613098 25.1294021606 0
10 14 42 121.745613098 25.1294021606 0
10 14 46 121.745635986 25.1294956207 0
10 14 50 121.745635986 25.1294956207 0
10 14 53 121.745635986 25.1294956207 0
10 14 53 121.745635986 25.1294956207 0
10 14 57 121.745635986 25.1294956207 0
10 15 0 121.745635986 25.1294956207 0
10 15 4 121.745635986 25.1294956207 0
10 15 4 121.745635986 25.1294956207 0
10 15 8 121.745635986 25.1294956207 0
10 15 12 121.745635986 25.1294956207 0
10 15 15 121.745635986 25.1294956207 0
10 15 15 121.745635986 25.1294956207 0
10 15 19 121.745635986 25.1294956207 0
10 15 23 121.745635986 25.1294956207 0
10 15 26 121.745635986 25.1294956207 0
10 15 26 121.745635986 25.1294956207 0
10 15 30 121.745635986 25.1294956207 0
10 15 34 121.745635986 25.1294956207 0
10 15 37 121.745635986 25.1294956207 0
10 15 37 121.745635986 25.1294956207 0
10 15 41 121.745635986 25.1294956207 0
10 15 45 121.745635986 25.1294956207 0
10 15 48 121.745635986 25.1294956207 0
10 15 48 121.745635986 25.1294956207 0
10 15 52 121.745635986 25.1294956207 0
10 15 56 121.745635986 25.1294956207 0
10 15 59 121.745635986 25.1294956207 0
10 15 59 121.745635986 25.1294956207 0
10 16 3 121.745635986 25.1294956207 0
10 16 7 121.745635986 25.1294956207 0
10 16 10 121.745635986 25.1294956207 0
10 16 10 121.745635986 25.1294956207 0
10 16 14 121.745635986 25.1294956207 0
10 16 18 121.745635986 25.1294956207 0
10 16 21 121.745635986 25.1294956207 0
10 16 21 121.745635986 25.1294956207 0
10 16 25 121.745635986 25.1294956207 0
10 16 29 121.745635986 25.1294956207 0
10 16 32 121.745635986 25.1294956207 0
10 16 32 121.745635986 25.1294956207 0
10 16 36 121.745635986 25.1294956207 0
10 16 40 121.745635986 25.1294956207 0
10 16 43 121.745635986 25.1294956207 0
10 16 43 121.745635986 25.1294956207 0
10 16 47 121.745635986 25.1294956207 0
10 16 51 121.745635986 25.1294956207 0
10 16 54 121.745635986 25.1294956207 0
10 16 54 121.745635986 25.1294956207 0
10 16 58 121.745635986 25.1294956207 0
10 17 2 121.745635986 25.1294956207 0
10 17 5 121.745635986 25.1294956207 0
10 17 5 121.745635986 25.1294956207 0
10 17 9 121.745689392 25.1295547485 0
10 17 12 121.745697021 25.1295566559 0
10 17 16 121.745697021 25.1295566559 0
10 17 16 121.745697021 25.1295566559 0
10 17 20 121.745697021 25.1295566559 0
10 17 23 121.745697021 25.1295566559 0
10 17 27 121.745697021 25.1295566559 0
10 17 27 121.745697021 25.1295566559 0
10 17 31 121.745697021 25.1295566559 0
10 17 35 121.745697021 25.1295566559 0
10 17 38 121.745697021 25.1295566559 0
10 17 38 121.745697021 25.1295566559 0
10 17 42 121.745697021 25.1295566559 0
10 17 46 121.745697021 25.1295566559 0
10 17 49 121.745697021 25.1295566559 0
10 17 49 121.745697021 25.1295566559 0
10 17 53 121.745697021 25.1295566559 0
10 17 57 121.745697021 25.1295566559 0
10 18 1 121.745697021 25.1295566559 0
10 18 1 121.745697021 25.1295566559 0
10 18 4 121.745697021 25.1295566559 0
10 18 8 121.745697021 25.1295566559 0
10 18 12 121.745697021 25.1295566559 0
10 18 12 121.745697021 25.1295566559 0
10 18 15 121.745697021 25.1295566559 0
10 18 19 121.745697021 25.1295566559 0
10 18 23 121.745697021 25.1295566559 0
10 18 23 121.745697021 25.1295566559 0
10 18 27 121.745697021 25.1295566559 0
10 18 31 121.745697021 25.1295566559 0
10 18 34 121.745697021 25.1295566559 0
10 18 34 121.745697021 25.1295566559 0
10 18 38 121.745697021 25.1295566559 0
