16 34 52 121.00604248 24.790895462 2
16 34 52 121.00604248 24.790895462 3
11 29 26 121.03163147 24.7812232971 1
11 29 28 121.03163147 24.7812213898 0
17 5 40 121.213973999 24.9676589966 2
17 5 42 121.214347839 24.967962265 3
17 45 49 121.551811218 25.0412216187 1
17 45 52 121.551849365 25.0412311554 0
16 55 37 121.102027893 24.8917675018 2
16 55 39 121.10243988 24.891910553 3
11 9 20 121.094787598 24.7381706238 1
11 9 22 121.094810486 24.7381725311 0
16 35 30 121.008476257 24.7974338531 2
16 35 30 121.008476257 24.7974338531 3
16 42 31 121.011756897 24.8604888916 1
16 42 35 121.011787415 24.860578537 0
17 15 42 121.335189819 25.0616283417 2
17 15 45 121.335914612 25.0620746613 3
10 35 53 121.182540894 24.7052516937 1
10 35 56 121.182540894 24.7052516937 0
11 38 35 121.011032104 24.7864265442 2
11 38 38 121.010932922 24.7864933014 3
11 38 48 121.010597229 24.7867870331 1
11 38 49 121.010505676 24.7868690491 0
11 40 6 121.005645752 24.7902832031 2
11 40 7 121.00554657 24.7903308868 3
11 40 17 121.004890442 24.7907772064 1
11 40 18 121.004859924 24.790807724 0
17 25 42 121.474754333 25.0742969513 2
17 25 44 121.475227356 25.0741691589 3
17 31 49 121.532409668 25.0721702576 1
17 31 51 121.532470703 25.0721378326 0
16 48 47 121.013534546 24.8657283783 2
16 48 48 121.013656616 24.8659324646 3
18 5 55 121.574249268 25.0377178192 1
18 5 58 121.574264526 25.0377464294 0
