9 8 8 121.265312195 25.0123691559 2
9 8 10 121.265312195 25.0123691559 2
9 8 13 121.26890564 25.0128173828 0
9 8 17 121.26751709 25.013999939 2
9 8 18 121.267692566 25.0141487122 2
9 8 20 121.268035889 25.0144443512 2
9 8 24 121.268791199 25.0150375366 2
9 8 24 121.268791199 25.0150375366 2
9 8 27 121.269348145 25.0154685974 2
9 8 29 121.269721985 25.0157623291 3
9 8 31 121.269897461 25.0159091949 3
9 8 32 121.270256042 25.0161933899 3
9 8 34 121.270629883 25.0164909363 3
9 8 37 121.271209717 25.0169410706 3
9 8 40 121.271774292 25.0173797607 3
9 8 41 121.271957397 25.0175247192 3
9 8 44 121.272521973 25.0179595947 3
9 8 44 121.272521973 25.0179595947 3
9 8 47 121.273117065 25.0184059143 3
9 8 48 121.273292542 25.0185546875 3
9 8 51 121.273841858 25.0189857483 3
9 8 51 121.273841858 25.0189857483 3
9 8 55 121.274581909 25.0196247101 3
9 8 56 121.274765015 25.0197868347 3
9 8 58 121.275115967 25.020111084 3
9 9 2 121.275665283 25.0205955505 3
9 9 2 121.275848389 25.0207519531 3
9 9 5 121.276405334 25.0212249756 3
9 9 9 121.277153015 25.0218658447 3
9 9 12 121.27771759 25.0223484039 3
9 9 13 121.277900696 25.0225124359 3
9 9 16 121.278450012 25.0229988098 3
9 9 19 121.278999329 25.0234851837 3
9 9 20 121.279174805 25.023645401 3
9 9 23 121.279525757 25.0239830017 3
9 9 24 121.279701233 25.0241374969 3
9 9 26 121.280220032 25.0246047974 3
9 9 30 121.280891418 25.0252094269 3
9 9 33 121.281410217 25.0257072449 3
9 9 34 121.281600952 25.0258789062 3
9 9 37 121.282165527 25.0263938904 3
9 9 40 121.282730103 25.0268878937 3
9 9 44 121.283432007 25.0275039673 3
9 9 45 121.283584595 25.0276508331 3
9 9 47 121.283866882 25.0278892517 3
9 9 50 121.284233093 25.0281982422 3
9 9 54 121.284690857 25.028547287 3
9 9 56 121.284927368 25.0287322998 3
9 9 56 121.284927368 25.0287322998 3
9 9 58 121.285186768 25.0289287567 3
9 10 1 121.285552979 25.0292396545 3
9 10 5 121.285942078 25.0295600891 3
9 10 7 121.286361694 25.0298995972 3
9 10 8 121.286521912 25.0300216675 3
9 10 11 121.287010193 25.0304050446 3
9 10 12 121.28717041 25.030538559 3
9 10 13 121.287345886 25.0306739807 3
9 10 15 121.287689209 25.0309448242 3
9 10 15 121.287689209 25.0309448242 3
9 10 18 121.288223267 25.0313529968 3
9 10 18 121.288223267 25.0313529968 3
9 10 18 121.288223267 25.0313529968 3
9 10 20 121.288574219 25.0316162109 3
9 10 22 121.288925171 25.0318775177 3
9 10 25 121.289459229 25.0322723389 3
9 10 29 121.290245056 25.0328559875 3
9 10 29 121.290245056 25.0328559875 3
9 10 31 121.290641785 25.0331497192 3
9 10 32 121.290855408 25.0332965851 3
9 10 34 121.291275024 25.0336036682 3
9 10 36 121.2917099 25.0339107513 3
9 10 37 121.2917099 25.0339107513 3
9 10 39 121.292366028 25.0343437195 3
9 10 39 121.292366028 25.0343437195 3
9 10 40 121.292579651 25.0344848633 3
9 10 42 121.293006897 25.0347766876 3
9 10 43 121.29322052 25.0349235535 3
9 10 44 121.293434143 25.0350666046 3
9 10 46 121.29385376 25.0353507996 3
9 10 50 121.294708252 25.0359096527 3
9 10 51 121.294921875 25.0360488892 3
9 10 53 121.295341492 25.0363273621 3
9 10 57 121.296188354 25.0368404388 3
9 11 0 121.296791077 25.0372200012 3
9 11 1 121.296989441 25.0373382568 3
9 11 2 121.297195435 25.0374622345 3
9 11 4 121.297584534 25.0377044678 3
9 11 4 121.297584534 25.0377044678 3
9 11 6 121.297981262 25.0379390717 3
9 11 7 121.298187256 25.0380592346 3
9 11 11 121.299003601 25.0385398865 3
9 11 11 121.299003601 25.0385398865 3
9 11 13 121.299407959 25.0387687683 3
9 11 14 121.299598694 25.0388774872 3
9 11 18 121.300315857 25.0392780304 3
9 11 21 121.300827026 25.0395717621 3
9 11 24 121.301353455 25.0398635864 3
9 11 25 121.301528931 25.0399551392 3
9 11 27 121.301879883 25.0401382446 3
9 11 29 121.302230835 25.0403289795 3
9 11 32 121.30279541 25.0406303406 3
9 11 33 121.302993774 25.0407295227 3
9 11 35 121.303390503 25.0409374237 3
9 11 36 121.303596497 25.0410423279 3
9 11 39 121.304237366 25.0413608551 3
9 11 43 121.305107117 25.0417900085 3
9 11 46 121.305770874 25.0421142578 3
9 11 46 121.305770874 25.0421142578 3
9 11 49 121.30644989 25.0424289703 3
9 11 51 121.306892395 25.0426425934 3
9 11 53 121.307327271 25.0428409576 3
9 11 56 121.30796814 25.043138504 3
9 11 57 121.308181763 25.0432357788 3
9 12 0 121.308815002 25.0435180664 3
9 12 0 121.308815002 25.0435180664 3
9 12 4 121.309638977 25.0438899994 3
9 12 7 121.310272217 25.0441627502 3
9 12 8 121.31048584 25.0442581177 3
9 12 11 121.310920715 25.0444393158 3
9 12 14 121.311775208 25.0448055267 3
9 12 17 121.312393188 25.0450630188 3
9 12 18 121.312599182 25.0451488495 3
9 12 19 121.312805176 25.0452308655 3
9 12 21 121.313232422 25.0453968048 3
9 12 24 121.313659668 25.0455646515 3
9 12 24 121.31388092 25.0456504822 3
9 12 26 121.314323425 25.0458183289 3
9 12 28 121.31476593 25.0459823608 3
9 12 30 121.315193176 25.0461349487 3
9 12 32 121.315620422 25.0462856293 3
9 12 32 121.315620422 25.0462856293 3
9 12 35 121.316291809 25.0465183258 3
9 12 35 121.316291809 25.0465183258 3
9 12 39 121.316955566 25.0467586517 3
9 12 41 121.317611694 25.046995163 3
9 12 42 121.317832947 25.0470733643 3
9 12 45 121.318504333 25.0473022461 3
9 12 48 121.319152832 25.0475521088 3
9 12 49 121.319381714 25.0476436615 3
9 12 52 121.319831848 25.0478229523 3
9 12 52 121.32006073 25.047914505 3
9 12 53 121.320281982 25.0480136871 3
9 12 56 121.320953369 25.0483207703 3
9 12 57 121.320953369 25.0483207703 3
9 13 0 121.321769714 25.0487442017 3
9 13 2 121.322166443 25.0489711761 3
9 13 3 121.322364807 25.0490875244 3
9 13 4 121.322540283 25.04920578 3
9 13 7 121.323066711 25.0495796204 3
9 13 10 121.323547363 25.0499477386 3
9 13 11 121.323547363 25.0499477386 3
9 13 13 121.324020386 25.0503292084 3
9 13 14 121.324172974 25.0504589081 3
9 13 17 121.32460022 25.050868988 3
9 13 21 121.325149536 25.0515079498 3
9 13 21 121.325149536 25.0515079498 3
9 13 24 121.325584412 25.0520191193 3
9 13 24 121.325584412 25.0520191193 3
9 13 28 121.325996399 25.0525455475 3
9 13 31 121.326560974 25.0532875061 3
9 13 34 121.326980591 25.0538654327 3
9 13 35 121.32711792 25.0540542603 3
9 13 38 121.327484131 25.0545558929 3
9 13 41 121.327804565 25.0549945831 3
9 13 45 121.328163147 25.0555019379 3
9 13 46 121.328239441 25.05560112 3
9 13 48 121.328369141 25.0557765961 3
9 13 52 121.328605652 25.0560874939 3
9 13 55 121.328788757 25.056306839 3
9 13 57 121.328918457 25.0564689636 3
9 13 59 121.329063416 25.0566444397 3
9 14 2 121.329315186 25.0569248199 3
9 14 6 121.329689026 25.0573501587 3
9 14 8 121.329902649 25.0575809479 3
9 14 9 121.33000946 25.0577011108 3
9 14 13 121.330421448 25.058139801 3
9 14 16 121.330741882 25.0584640503 3
9 14 17 121.330848694 25.0585765839 3
9 14 19 121.331085205 25.0588092804 3
9 14 20 121.331207275 25.058927536 3
9 14 23 121.331581116 25.0592689514 3
9 14 27 121.332130432 25.0597496033 3
9 14 30 121.332580566 25.0601329803 3
9 14 30 121.332580566 25.0601329803 3
9 14 34 121.333221436 25.0606212616 3
9 14 37 121.33367157 25.0609474182 3
9 14 41 121.334289551 25.061384201 3
9 14 41 121.334289551 25.061384201 3
9 14 44 121.334777832 25.0617198944 3
9 14 44 121.334777832 25.0617198944 3
9 14 48 121.335479736 25.0621490479 3
9 14 51 121.336013794 25.0624523163 3
9 14 52 121.336204529 25.0625572205 3
9 14 55 121.336761475 25.0628738403 3
9 14 58 121.33732605 25.0631694794 3
9 15 2 121.338050842 25.0635375977 3
9 15 3 121.338218689 25.0636196136 3
9 15 5 121.338569641 25.063785553 3
9 15 9 121.339271545 25.0640716553 3
9 15 12 121.339752197 25.0642528534 3
9 15 14 121.340057373 25.0643749237 3
9 15 14 121.340057373 25.0643749237 3
9 15 16 121.340354919 25.0644855499 3
9 15 19 121.340789795 25.0646209717 3
9 15 22 121.3412323 25.0647449493 3
9 15 25 121.341690063 25.064874649 3
9 15 26 121.341842651 25.0649166107 3
9 15 30 121.342422485 25.0650615692 3
9 15 33 121.342887878 25.0651569366 3
9 15 35 121.343231201 25.0652141571 3
9 15 37 121.343574524 25.0652809143 3
9 15 37 121.343574524 25.0652809143 3
9 15 40 121.34413147 25.0653686523 3
9 15 43 121.344673157 25.0654373169 3
9 15 44 121.344673157 25.0654373169 3
9 15 46 121.345207214 25.0654945374 3
9 15 47 121.34539032 25.0655078888 3
9 15 51 121.346168518 25.0655612946 3
9 15 54 121.34677887 25.0655918121 3
9 15 57 121.347366333 25.0656032562 3
9 15 58 121.347557068 25.0655975342 3
9 16 1 121.348152161 25.0655860901 3
9 16 1 121.348152161 25.0655860901 3
9 16 5 121.348960876 25.0655937195 3
9 16 8 121.349601746 25.0655727386 3
9 16 8 121.349601746 25.0655727386 3
9 16 12 121.350250244 25.0655269623 3
9 16 15 121.351150513 25.0654697418 3
9 16 18 121.351905823 25.0654125214 3
9 16 19 121.352165222 25.0653896332 3
9 16 19 121.352165222 25.0653896332 3
9 16 23 121.352989197 25.0653133392 3
9 16 26 121.35408783 25.065202713 3
9 16 29 121.354888916 25.0651245117 3
9 16 30 121.355148315 25.0651073456 3
9 16 33 121.355926514 25.0650482178 3
9 16 36 121.356697083 25.0650024414 3
9 16 40 121.357810974 25.0649471283 3
9 16 40 121.357810974 25.0649471283 3
9 16 41 121.358085632 25.0649356842 3
9 16 42 121.358352661 25.0649242401 3
9 16 43 121.35861969 25.0649108887 3
9 16 47 121.359680176 25.0648612976 3
9 16 48 121.359931946 25.0648517609 3
9 16 50 121.360427856 25.0648384094 3
9 16 52 121.360931396 25.064825058 3
9 16 54 121.361465454 25.0648040771 3
9 16 57 121.362281799 25.0648097992 3
9 17 1 121.363365173 25.0648384094 3
9 17 3 121.363899231 25.0648479462 3
9 17 4 121.364189148 25.0648612976 3
9 17 8 121.365280151 25.0649032593 3
9 17 9 121.365539551 25.064912796 3
9 17 11 121.366043091 25.0649433136 3
9 17 14 121.36680603 25.0649986267 3
9 17 15 121.3670578 25.0650138855 3
9 17 18 121.367828369 25.065076828 3
9 17 22 121.36882782 25.0651874542 3
9 17 24 121.369293213 25.0652160645 3
9 17 25 121.369522095 25.0652351379 3
9 17 25 121.369522095 25.0652351379 3
9 17 29 121.370452881 25.065372467 3
9 17 32 121.371185303 25.0654888153 3
9 17 36 121.372154236 25.0656108856 3
9 17 36 121.372154236 25.0656108856 3
9 17 39 121.37286377 25.0657157898 3
9 17 43 121.373809814 25.0658340454 3
9 17 46 121.374534607 25.0659141541 3
9 17 47 121.374778748 25.065946579 3
9 17 50 121.375518799 25.0660247803 3
9 17 53 121.376274109 25.0660552979 3
9 17 57 121.377243042 25.0659542084 3
9 17 58 121.377464294 25.0659179688 3
9 18 0 121.37789917 25.0658283234 3
9 18 2 121.378364563 25.0657119751 3
9 18 4 121.378837585 25.0655765533 3
