8 47 23 121.053756714 24.8759593964 2
8 47 24 121.053756714 24.8759593964 2
8 47 25 121.053756714 24.8759593964 2
8 47 29 121.055831909 24.8761291504 2
8 47 32 121.056648254 24.8760223389 2
8 47 33 121.056892395 24.8760604858 2
8 47 36 121.057640076 24.8760623932 3
8 47 40 121.058670044 24.876083374 3
8 47 43 121.059425354 24.8761196136 3
8 47 45 121.059944153 24.8761482239 3
8 47 45 121.059944153 24.8761482239 3
8 47 47 121.060447693 24.8761825562 3
8 47 50 121.061195374 24.8762607574 3
8 47 51 121.061416626 24.8762893677 3
8 47 53 121.061897278 24.8763847351 3
8 47 55 121.062385559 24.8764820099 3
8 47 56 121.0626297 24.8765296936 3
8 47 59 121.063346863 24.876701355 3
8 48 3 121.064071655 24.8769016266 3
8 48 6 121.065063477 24.877199173 3
8 48 7 121.065299988 24.8772792816 3
8 48 10 121.06577301 24.8774547577 3
8 48 13 121.066719055 24.8778781891 3
8 48 17 121.067642212 24.8783359528 3
8 48 18 121.067642212 24.8783359528 3
8 48 20 121.068351746 24.8787059784 3
8 48 24 121.069290161 24.8792362213 3
8 48 27 121.069961548 24.8796482086 3
8 48 29 121.070388794 24.8799228668 3
8 48 31 121.07081604 24.8802165985 3
8 48 34 121.071456909 24.8806858063 3
8 48 38 121.072357178 24.8813171387 3
8 48 40 121.0728302 24.8816242218 3
8 48 42 121.073295593 24.8819026947 3
8 48 45 121.074005127 24.8822956085 3
8 48 49 121.075012207 24.882774353 3
8 48 51 121.075515747 24.8829879761 3
8 48 53 121.075767517 24.8830890656 3
8 48 56 121.076805115 24.8834571838 3
8 49 0 121.077850342 24.8838062286 3
8 49 2 121.078384399 24.8839664459 3
8 49 4 121.078659058 24.8840389252 3
8 49 7 121.079742432 24.8842639923 3
8 49 11 121.080833435 24.8844680786 3
8 49 13 121.081382751 24.8845272064 3
8 49 15 121.08165741 24.8845443726 3
8 49 18 121.082756042 24.8846111298 3
8 49 22 121.083602905 24.8846359253 3
8 49 24 121.084442139 24.8846588135 3
8 49 25 121.084716797 24.8846721649 3
8 49 29 121.085548401 24.8847045898 3
8 49 33 121.086647034 24.8847885132 3
8 49 35 121.087432861 24.8848876953 3
8 49 36 121.08769989 24.884929657 3
8 49 40 121.0884552 24.8850727081 3
8 49 43 121.089492798 24.8853492737 3
8 49 46 121.090270996 24.8855857849 3
8 49 47 121.090270996 24.8855857849 3
8 49 51 121.091262817 24.8859500885 3
8 49 54 121.092201233 24.886384964 3
8 49 57 121.092895508 24.8867378235 3
8 49 58 121.092895508 24.8867378235 3
8 49 59 121.09311676 24.8868618011 3
8 50 1 121.093811035 24.8872489929 3
8 50 5 121.09475708 24.8878097534 3
8 50 8 121.095443726 24.8882350922 3
8 50 9 121.095443726 24.8882350922 3
8 50 12 121.096374512 24.888835907 3
8 50 16 121.097320557 24.8894271851 3
8 50 19 121.098007202 24.8898448944 3
8 50 19 121.098007202 24.8898448944 3
8 50 23 121.098937988 24.8903560638 3
8 50 27 121.099906921 24.8908557892 3
8 50 30 121.100646973 24.8911933899 3
8 50 31 121.100646973 24.8911933899 3
8 50 34 121.101600647 24.8916015625 3
8 50 37 121.10231781 24.8918876648 3
8 50 41 121.103294373 24.8922290802 3
8 50 41 121.103294373 24.8922290802 3
8 50 42 121.103294373 24.8922290802 3
8 50 45 121.104309082 24.892539978 3
8 50 48 121.10509491 24.8927440643 3
8 50 52 121.106117249 24.8929595947 3
8 50 53 121.106376648 24.8930072784 3
8 50 56 121.107131958 24.8931503296 3
8 50 59 121.10786438 24.8932571411 3
8 51 3 121.108886719 24.8933544159 3
8 51 4 121.108886719 24.8933544159 3
8 51 6 121.10962677 24.893409729 3
8 51 10 121.110580444 24.8934574127 3
8 51 13 121.111366272 24.8934326172 3
8 51 15 121.111885071 24.8934116364 3
8 51 17 121.112411499 24.8933849335 3
8 51 19 121.112953186 24.8933429718 3
8 51 21 121.113487244 24.8932971954 3
8 51 24 121.114280701 24.8932247162 3
8 51 26 121.114814758 24.8931713104 3
8 51 27 121.114814758 24.8931713104 3
8 51 28 121.115341187 24.8931179047 3
8 51 32 121.116447449 24.893032074 3
8 51 35 121.117271423 24.8929767609 3
8 51 37 121.11782074 24.8929424286 1
8 51 39 121.118370056 24.8929214478 3
8 51 42 121.11920166 24.8929023743 3
8 51 44 121.119758606 24.8928833008 3
8 51 46 121.120292664 24.8928909302 3
8 51 48 121.120819092 24.8929004669 3
8 51 50 121.121086121 24.8929080963 3
8 51 53 121.122169495 24.8929824829 3
8 51 55 121.122451782 24.8930053711 3
8 51 57 121.123275757 24.8930797577 3
8 51 59 121.123825073 24.8931407928 3
8 52 0 121.124099731 24.8931751251 3
8 52 4 121.125198364 24.8933448792 3
8 52 7 121.126029968 24.893497467 3
8 52 10 121.126869202 24.8936672211 3
8 52 11 121.12714386 24.8937244415 3
8 52 15 121.128227234 24.8940048218 3
8 52 18 121.129013062 24.8942337036 3
8 52 21 121.12979126 24.8944683075 3
8 52 22 121.130058289 24.8945407867 3
8 52 25 121.130844116 24.8947811127 3
8 52 29 121.131904602 24.8950939178 3
8 52 32 121.132698059 24.8953323364 3
8 52 33 121.132957458 24.8954105377 3
8 52 36 121.133476257 24.8955593109 3
8 52 36 121.133735657 24.8956298828 3
8 52 40 121.134811401 24.8959140778 3
8 52 43 121.135612488 24.8961257935 3
8 52 43 121.135612488 24.8961257935 3
8 52 44 121.135871887 24.8961963654 3
8 52 47 121.136672974 24.8964157104 3
8 52 51 121.137733459 24.896697998 3
8 52 54 121.138496399 24.896905899 3
8 52 54 121.138496399 24.896905899 3
8 52 54 121.138496399 24.896905899 3
8 52 58 121.139549255 24.8971767426 3
8 53 1 121.140357971 24.897397995 3
8 53 5 121.141403198 24.8976802826 3
8 53 5 121.141403198 24.8976802826 3
8 53 9 121.142417908 24.8979549408 3
8 53 12 121.143188477 24.8981628418 3
8 53 16 121.144218445 24.8984661102 3
8 53 16 121.144218445 24.8984661102 3
8 53 19 121.145027161 24.8987045288 3
8 53 23 121.146057129 24.8990020752 3
