17 2 51 121.188415527 24.9342060089 2
17 2 54 121.189048767 24.9347000122 3
17 31 51 121.532447815 25.072095871 1
17 31 53 121.53250885 25.0720500946 0
17 12 53 121.301116943 25.0393238068 2
17 12 56 121.301971436 25.0397891998 3
11 50 33 120.997070312 24.7872714996 1
11 50 36 120.997070312 24.7872714996 0
16 48 47 121.013580322 24.8658084869 2
16 48 48 121.013832092 24.8661880493 3
17 32 56 121.533302307 25.0707435608 1
17 33 0 121.533317566 25.0706481934 0
16 52 47 121.065002441 24.8772258759 2
16 52 51 121.065834045 24.8775424957 3
16 32 44 121.004592896 24.7903575897 1
16 32 47 121.004577637 24.7903499603 0
16 34 52 121.006149292 24.7910499573 2
16 34 55 121.006355286 24.7915401459 3
18 2 52 121.576568604 25.0394916534 1
18 2 56 121.576499939 25.0393638611 0
