17 6 43 121.226379395 24.9782810211 2
17 6 44 121.226570129 24.9784374237 3
9 59 36 121.064796448 24.7640857697 1
9 59 37 121.06489563 24.7638225555 0
16 48 47 121.013687134 24.8659572601 2
16 48 50 121.014198303 24.8667259216 3
10 49 48 121.17300415 24.7082557678 1
10 49 51 121.172874451 24.7085342407 0
17 26 50 121.488761902 25.0743980408 2
17 26 54 121.489280701 25.0745391846 3
17 31 53 121.532470703 25.0720596313 1
17 31 56 121.532554626 25.0720024109 0
16 56 41 121.115829468 24.8930969238 2
16 56 42 121.116081238 24.893075943 3
10 39 46 121.182785034 24.7054195404 1
10 39 47 121.182792664 24.7054328918 0
16 34 52 121.006149292 24.7912330627 2
16 34 56 121.006454468 24.7918815613 3
11 19 56 121.062210083 24.770198822 1
11 19 57 121.062141418 24.7703456879 0
16 36 35 121.009933472 24.8048934937 2
16 36 36 121.00994873 24.8049659729 3
16 42 28 121.011741638 24.86054039 1
16 42 32 121.011772156 24.8606014252 0
