24.8606716667 121.01172
24.8606716667 121.01172
24.8606716667 121.01172
24.86071 121.011686667
24.8607066667 121.011721667
24.8607116667 121.011733333
24.86071 121.011736667
24.8607083333 121.011735
24.86071 121.011741667
24.8607066667 121.011748333
24.8607066667 121.01175
24.8607033333 121.011751667
24.8607 121.011751667
24.8606983333 121.011751667
24.8606983333 121.011751667
24.8606983333 121.011751667
24.8606983333 121.011751667
24.8606983333 121.011751667
24.8606983333 121.011751667
24.8606983333 121.011751667
24.8606983333 121.011751667
24.8606983333 121.011751667
24.8606983333 121.011751667
24.8606983333 121.011751667
24.8606983333 121.011751667
24.8606983333 121.011751667
24.8606983333 121.011751667
24.8606983333 121.011751667
24.8606983333 121.011751667
24.8606983333 121.011751667
24.8606983333 121.011751667
24.8606983333 121.011751667
24.8606983333 121.011751667
24.8606983333 121.011751667
24.8606983333 121.011751667
24.8606983333 121.011751667
24.8606983333 121.011751667
24.8606983333 121.011751667
24.8606983333 121.011751667
24.8606983333 121.011751667
24.8606983333 121.011751667
24.8606983333 121.011751667
24.8606983333 121.011751667
24.8606983333 121.011751667
24.8606983333 121.011751667
24.8606983333 121.011751667
24.8606983333 121.011751667
24.8606983333 121.011751667
24.8606983333 121.011751667
24.8606983333 121.011751667
24.8606983333 121.011751667
24.8606983333 121.011751667
24.8606983333 121.011751667
24.8606983333 121.011751667
24.8606983333 121.011751667
24.8606983333 121.011751667
24.8606983333 121.011751667
24.8606983333 121.011751667
24.8606983333 121.011751667
24.8606983333 121.011751667
24.8606983333 121.011751667
24.8606983333 121.011751667
24.8606983333 121.011751667
24.8606983333 121.011751667
24.8606983333 121.011751667
24.8606983333 121.011751667
24.8606983333 121.011751667
24.8606983333 121.011751667
24.8606983333 121.011751667
24.8606983333 121.011751667
24.8606983333 121.011751667
24.8606983333 121.011751667
24.8606983333 121.011751667
24.8606983333 121.011751667
24.8606983333 121.011751667
24.8606983333 121.011751667
24.8606983333 121.011751667
24.8606983333 121.011751667
24.8606983333 121.011751667
24.8606983333 121.011751667
24.8606983333 121.011751667
24.8606983333 121.011751667
24.8606983333 121.011751667
24.8606983333 121.011751667
24.8606983333 121.011751667
24.8606983333 121.011751667
24.8606983333 121.011751667
24.8606983333 121.011751667
24.8606983333 121.011751667
24.8606983333 121.011751667
24.8606983333 121.011751667
24.8606983333 121.011751667
24.8606983333 121.011751667
24.8606983333 121.011751667
24.8606983333 121.011751667
24.8606983333 121.011751667
24.8606983333 121.011751667
24.8606983333 121.011751667
24.8606983333 121.011751667
24.8606983333 121.011751667
24.8607466667 121.011793333
24.8608216667 121.01184
24.8609233333 121.0119
24.8610833333 121.01198
24.8612666667 121.01207
24.8612666667 121.01207
24.86134 121.012091667
24.8614383333 121.012126667
24.86151 121.012158333
24.8618166667 121.012298333
24.8620366667 121.012398333
24.8621383333 121.012443333
24.8623916667 121.012566667
24.8624483333 121.012628333
24.8626183333 121.012808333
24.8629683333 121.012955
24.86325 121.012935
24.86325 121.012935
24.8636966667 121.012741667
24.8641466667 121.012761667
24.8647566667 121.012976667
24.8647566667 121.012976667
24.865265 121.013243333
24.86596 121.013686667
24.86674 121.014223333
24.86674 121.014223333
24.86732 121.014661667
24.8675133333 121.014801667
24.86808 121.015293333
24.8686383333 121.015803333
24.8689566667 121.016145
24.869335 121.016523333
24.86985 121.017068333
24.8700133333 121.017263333
24.8705066667 121.017876667
24.8708366667 121.0183
24.8709933333 121.018496667
24.8716 121.019341667
24.87216 121.020243333
24.8724166667 121.020675
24.8725283333 121.020895
24.8726116667 121.021188333
24.872905 121.021928333
24.8732616667 121.022591667
24.8733716667 121.022813333
24.873615 121.023231667
24.8737216667 121.023431667
24.87414 121.024356667
24.8743283333 121.024821667
24.87442 121.025055
24.8747716667 121.02601
24.8747716667 121.02601
24.8750066667 121.026715
24.875275 121.027593333
24.8754716667 121.028228333
24.87553 121.028435
24.875695 121.029131667
24.8758616667 121.029775
24.8759266667 121.030018333
24.8760633333 121.03067
24.8760633333 121.03067
24.8760966667 121.030881667
24.876145 121.031096667
24.87624 121.031541667
24.8763233333 121.031968333
24.876405 121.03238
24.876515 121.032991667
24.8765466667 121.0332
24.8765766667 121.033413333
24.87664 121.033841667
24.8766983333 121.034263333
24.8767216667 121.034475
24.8767966667 121.03528
24.8768333333 121.035673333
24.8768666667 121.03608
24.876915 121.036668333
24.8769683333 121.03746
24.876975 121.037668333
24.876985 121.037878333
24.876995 121.03809
24.8770216667 121.038888333
24.8770383333 121.039641667
24.8770383333 121.040005
24.8770466667 121.040185
24.8770266667 121.04085
24.8770083333 121.04138
24.877 121.041561667
24.8769933333 121.0419
24.8769766667 121.04207
24.8769433333 121.042571667
24.87692 121.043291667
24.8768683333 121.04387
24.87686 121.044051667
24.8768166667 121.04462
24.8767783333 121.045218333
24.8767066667 121.045996667
24.87669 121.046176667
24.87666 121.046588333
24.87666 121.046588333
24.876535 121.047466667
24.8764516667 121.048371667
24.87643 121.0486
24.8763933333 121.049086667
24.8763333333 121.049821667
24.87632 121.05006
24.8762583333 121.050833333
24.876215 121.051361667
24.8761833333 121.051875
24.8761466667 121.052658333
24.876135 121.052911667
24.87609 121.053683333
24.87607 121.054195
24.8760533333 121.054428333
24.8760283333 121.054915
24.8760116667 121.055385
24.8759983333 121.056125
24.87602 121.057135
24.87602 121.057135
24.8760216667 121.057918333
24.8760516667 121.058985
24.8761066667 121.059795
24.87613 121.060058333
24.876165 121.06032
24.8762133333 121.060823333
24.8763216667 121.061558333
24.87651 121.062425
24.87656 121.062633333
24.8766683333 121.063073333
24.8767233333 121.0633
24.8767833333 121.063523333
24.876895 121.06399
24.8771466667 121.064823333
24.8772266667 121.065021667
24.8772266667 121.065021667
24.87746 121.065643333
24.8777016667 121.066246667
24.8780316667 121.067018333
24.8782283333 121.067463333
24.8783383333 121.067678333
24.878775 121.068483333
24.8791166667 121.069071667
24.879465 121.069628333
24.8795816667 121.069811667
24.8795816667 121.069811667
24.8799666667 121.070386667
24.8805316667 121.071131667
24.8807983333 121.071508333
24.8809283333 121.071695
24.8810583333 121.071896667
24.88144 121.072465
