25.0439033333 121.31044
25.0439033333 121.31044
25.0444166667 121.311738333
25.0447616667 121.312483333
25.0450666667 121.313186667
25.045165 121.313431667
25.04526 121.313668333
25.04555 121.314398333
25.0458283333 121.315121667
25.0461683333 121.316071667
25.0462516667 121.316303333
25.0464183333 121.316768333
25.0465016667 121.317
25.046755 121.317705
25.0471116667 121.318668333
25.0472016667 121.318905
25.0472016667 121.318905
25.0473833333 121.319378333
25.0474783333 121.319615
25.04777 121.320311667
25.0480883333 121.321005
25.048315 121.321458333
25.0484316667 121.321683333
25.048555 121.321906667
25.0486816667 121.322131667
25.04909 121.32279
25.0495233333 121.323413333
25.0499983333 121.324008333
25.0501633333 121.324201667
25.0506633333 121.324753333
25.0513583333 121.32542
25.051895 121.325878333
25.051895 121.325878333
25.05264 121.326458333
25.053205 121.326875
25.05394 121.327411667
25.05394 121.327411667
25.0546716667 121.327945
25.05523 121.328358333
25.05598 121.328921667
25.05598 121.328921667
25.0565283333 121.329368333
25.0572116667 121.329958333
25.0576883333 121.330395
25.0579983333 121.330696667
25.0583116667 121.331006667
25.0587733333 121.331483333
25.0593783333 121.332156667
25.0596783333 121.33251
25.0598283333 121.332688333
25.06041 121.333428333
25.060805 121.333965
25.06117 121.334485
25.06129 121.334665
25.061645 121.335198333
25.0620866667 121.335906667
25.0624116667 121.336458333
25.0625166667 121.336645
25.062825 121.337206667
25.06321 121.337968333
25.063475 121.338525
25.06356 121.338718333
25.06381 121.33933
25.0640516667 121.339976667
25.06435 121.340865
25.064415 121.341096667
25.0645333333 121.34157
25.0647466667 121.342525
25.0648883333 121.343256667
25.06498 121.343755
25.06506 121.34426
25.0651666667 121.345016667
25.0652733333 121.346031667
25.0653016667 121.346541667
25.0653233333 121.347063333
25.065345 121.347865
25.0653383333 121.348955
25.0653183333 121.3495
25.0653033333 121.349771667
25.0652233333 121.350865
25.0651333333 121.35169
25.0649966667 121.352748333
25.0649966667 121.352748333
25.0649083333 121.353496667
25.0647933333 121.354475
25.0647266667 121.355176667
25.064705 121.35541
25.0646533333 121.35612
25.0645933333 121.35707
25.0645566667 121.357791667
25.0645483333 121.358031667
25.06454 121.358275
25.0645183333 121.35876
25.0644916667 121.35951
25.0644633333 121.36054
25.0644616667 121.360798333
25.064465 121.361578333
25.0644766667 121.362368333
25.0645 121.363425
25.0645166667 121.363951667
25.06453 121.364218333
25.0645866667 121.365275
25.0646366667 121.366065
25.0646516667 121.366321667
25.0646883333 121.366816667
25.0647083333 121.36706
25.0647733333 121.367795
25.0648716667 121.368778333
25.064935 121.369508333
25.064935 121.369508333
25.0649516667 121.369745
25.065 121.370415
25.0650166667 121.370625
25.0650616667 121.371283333
25.0650966667 121.371936667
25.0650966667 121.371936667
25.0651066667 121.37215
25.0651366667 121.372788333
25.065175 121.37343
25.065175 121.37343
25.06528 121.374308333
25.06528 121.374308333
25.0654516667 121.374995
25.065735 121.37588
25.0659216667 121.376493333
25.06602 121.376918333
25.0660416667 121.377155
25.06607 121.377381667
25.0661033333 121.377815
25.0660916667 121.378021667
25.065925 121.378851667
25.065805 121.379238333
25.0656483333 121.379668333
25.06539 121.380365
25.0650633333 121.381248333
25.06494 121.38172
25.0649016667 121.381965
25.0648333333 121.383041667
25.064825 121.383843333
25.064895 121.384341667
25.0649316667 121.384608333
25.0649833333 121.38486
25.0651416667 121.385603333
25.0653183333 121.386623333
25.06536 121.387418333
25.0653583333 121.387681667
25.06531 121.388466667
25.0651916667 121.3895
25.0651183333 121.389988333
25.065045 121.390235
25.06498 121.390483333
25.0647483333 121.39125
25.0644216667 121.391995
25.0644216667 121.391995
25.06384 121.392883333
25.06369 121.393093333
25.0633566667 121.3935
25.0626116667 121.394306667
25.0618683333 121.395008333
25.0616816667 121.395183333
25.0613016667 121.395518333
25.06053 121.396163333
25.0599266667 121.39664
25.0595083333 121.396956667
25.0590933333 121.397275
25.058495 121.397763333
25.05775 121.39844
25.05738 121.3988
25.057095 121.399188333
25.0566783333 121.399791667
25.0562766667 121.400685
25.056125 121.40114
25.0560516667 121.401398333
25.0558283333 121.402478333
25.055805 121.403278333
25.0558183333 121.40354
25.055795 121.40432
25.055795 121.40432
25.0557733333 121.405093333
25.0557883333 121.406045
25.0559183333 121.406776667
25.0560016667 121.407026667
25.0560016667 121.407026667
25.0563183333 121.40774
25.0568716667 121.408558333
25.0571616667 121.408963333
25.0573016667 121.409166667
25.0574366667 121.409366667
25.0578383333 121.40997
25.0582416667 121.410565
25.0587066667 121.411371667
25.05883 121.411568333
25.0591 121.411996667
25.0596283333 121.412855
25.0601083333 121.413703333
25.0602216667 121.413915
25.0604633333 121.414373333
25.0604633333 121.414373333
25.0610183333 121.41518
25.061555 121.415931667
25.0617666667 121.416318333
25.0617666667 121.416318333
25.06188 121.41652
25.0623916667 121.417193333
25.06275 121.417715
25.06309 121.418276667
25.0632083333 121.418463333
25.0635916667 121.419045
25.0640983333 121.419825
25.0644616667 121.420415
25.0645816667 121.420608333
25.064955 121.421198333
25.0654433333 121.422005
25.0658066667 121.422598333
25.0658066667 121.422598333
25.0662666667 121.42335
25.0665833333 121.42385
25.0669783333 121.424583333
25.0670583333 121.424781667
25.0673083333 121.425331667
25.0675 121.425875
25.067745 121.426675
25.0678033333 121.4269
25.0679 121.42734
25.06801 121.428053333
25.0680783333 121.428651667
25.0680983333 121.429036667
25.0681516667 121.429431667
25.0681566667 121.430041667
25.0681966667 121.430858333
25.0681966667 121.430858333
25.0682083333 121.43129
25.06824 121.431766667
25.06831 121.432501667
25.06831 121.432501667
25.0683566667 121.433585
25.06839 121.43442
25.06839 121.43442
25.0684766667 121.435525
25.068595 121.436606667
25.0687133333 121.43741
25.0687133333 121.43741
25.06879 121.43794
25.0688783333 121.43848
25.0690816667 121.439583333
25.0692483333 121.4404
25.0692483333 121.4404
25.0695 121.441476667
