25.0689566667 121.533201667
25.0683866667 121.533226667
25.0679816667 121.533436667
25.0675883333 121.533826667
25.0674783333 121.53394
25.0672766667 121.534188333
25.0672766667 121.534188333
25.0668466667 121.534716667
25.0664266667 121.535261667
25.0662133333 121.535528333
25.066115 121.535653333
25.0657633333 121.536088333
25.065525 121.536328333
25.0653066667 121.536508333
25.0652383333 121.536558333
25.06505 121.536673333
25.0649266667 121.536733333
25.064795 121.536798333
25.06462 121.536868333
25.06456 121.536881667
25.0643783333 121.536921667
25.06411 121.536953333
25.0639716667 121.536953333
25.0638983333 121.536956667
25.0638983333 121.536956667
25.0635366667 121.536951667
25.0634266667 121.53695
25.063075 121.536946667
25.0628416667 121.536946667
25.0627216667 121.536948333
25.0625983333 121.536951667
25.0622233333 121.536953333
25.0618583333 121.536945
25.0613666667 121.536918333
25.06124 121.536916667
25.0609816667 121.536908333
25.0604516667 121.536908333
25.05992 121.536891667
25.0597983333 121.53689
25.059555 121.536888333
25.0590733333 121.536855
25.0590733333 121.536855
25.0587166667 121.536841667
25.0585866667 121.536833333
25.058455 121.536823333
25.0581833333 121.536801667
25.058035 121.536798333
25.0576216667 121.536766667
25.0576216667 121.536766667
25.0572216667 121.536758333
25.0570966667 121.536758333
25.0569783333 121.536748333
25.05675 121.536736667
25.0564233333 121.536731667
25.056045 121.536711667
25.05579 121.536718333
25.05579 121.536718333
25.055455 121.536716667
25.0552966667 121.536721667
25.0552233333 121.536721667
25.05508 121.536723333
25.0549516667 121.53672
25.0549516667 121.53672
25.0546883333 121.536713333
25.0544766667 121.536713333
25.0541916667 121.536713333
25.0541916667 121.536713333
25.0540033333 121.536723333
25.0537633333 121.536738333
25.053565 121.536726667
25.0535033333 121.536726667
25.0533183333 121.536718333
25.0530683333 121.536703333
25.0530683333 121.536703333
25.0529 121.536695
25.0528033333 121.536695
25.0527083333 121.536706667
25.05266 121.536706667
25.0525633333 121.536701667
25.0524433333 121.536683333
25.0524083333 121.53668
25.0523416667 121.536668333
25.0522833333 121.536661667
25.0522316667 121.536655
25.0521483333 121.536626667
25.0520833333 121.536623333
25.0520433333 121.536626667
25.0517883333 121.536655
25.0516133333 121.536648333
25.05155 121.536618333
25.0515166667 121.536615
25.0513583333 121.536596667
25.05124 121.536585
25.0510366667 121.536566667
25.0510366667 121.536566667
25.0508466667 121.536556667
25.05056 121.536553333
25.0502833333 121.536538333
25.0502833333 121.536538333
25.0500583333 121.536525
25.0496933333 121.536518333
25.04943 121.536538333
25.0493433333 121.536541667
25.0490616667 121.536548333
25.0487 121.536565
25.0484466667 121.536553333
25.0483633333 121.53655
25.0480933333 121.536535
25.0478116667 121.53653
25.0478116667 121.53653
25.04752 121.53654
25.04743 121.536543333
25.0472433333 121.536546667
25.0470633333 121.53654
25.04678 121.53655
25.0464183333 121.536551667
25.04622 121.536546667
25.046115 121.536545
25.0456833333 121.536533333
25.04534 121.536501667
25.0449783333 121.536486667
25.0448716667 121.536483333
25.0445666667 121.536491667
25.04417 121.536466667
25.0438766667 121.536455
25.0437866667 121.536461667
25.043565 121.536485
25.0433733333 121.5365
25.0432616667 121.536518333
25.043225 121.53652
25.0431016667 121.536521667
25.0429733333 121.536518333
25.0428166667 121.53654
25.0427733333 121.536545
25.0427383333 121.536548333
25.0426433333 121.536566667
25.0425783333 121.536578333
25.0425016667 121.536611667
25.0424766667 121.536613333
25.0424416667 121.536618333
25.0424066667 121.53664
25.0424066667 121.536643333
25.0423883333 121.536671667
25.0423383333 121.536685
25.042225 121.536718333
25.042125 121.536765
25.0420366667 121.536796667
25.04197 121.536836667
25.0418816667 121.536898333
25.0417783333 121.537006667
25.0416783333 121.537118333
25.0416783333 121.537118333
25.0416583333 121.537468333
25.0416483333 121.53779
25.04165 121.537906667
25.0416483333 121.537963333
25.0416483333 121.537963333
25.0416066667 121.538165
25.0415683333 121.538235
25.0415683333 121.538235
25.0415683333 121.538235
25.0415683333 121.538235
25.0415283333 121.538331667
25.041525 121.538398333
25.041525 121.538398333
25.0415133333 121.53848
25.0415166667 121.538535
25.0415066667 121.5386
25.0414833333 121.538778333
25.04148 121.538836667
25.041465 121.538948333
25.0414633333 121.539141667
25.04146 121.53922
25.0414516667 121.539543333
25.041455 121.539773333
25.0414483333 121.539903333
25.0414466667 121.540356667
25.0414383333 121.540711667
25.0414416667 121.540818333
25.0414466667 121.540855
25.041445 121.540881667
25.0414466667 121.540918333
25.0414483333 121.540931667
25.0414666667 121.541035
25.0414716667 121.541066667
25.04147 121.541105
25.0414716667 121.541148333
25.0415033333 121.541361667
25.041525 121.541518333
25.0415383333 121.541613333
25.0415416667 121.541635
25.0415466667 121.54173
25.041545 121.541846667
25.0415316667 121.542083333
25.0415316667 121.542083333
25.04153 121.542253333
25.041535 121.542413333
25.0415383333 121.5425
25.0415333333 121.542536667
25.0415116667 121.542678333
25.0414616667 121.542848333
25.0414016667 121.543103333
25.0413866667 121.543138333
25.0413383333 121.543223333
25.0413166667 121.543246667
25.0413166667 121.543246667
25.0413166667 121.543246667
25.0413166667 121.543246667
25.0413166667 121.543246667
25.0413166667 121.543246667
25.0413166667 121.543246667
25.0413166667 121.543246667
25.0413166667 121.543246667
25.0413166667 121.543246667
25.0413166667 121.543246667
25.0413166667 121.543246667
25.0413166667 121.543246667
25.0413166667 121.543246667
25.0413166667 121.543246667
25.0413166667 121.543246667
25.0413166667 121.543246667
25.0413166667 121.543246667
25.0413166667 121.543246667
25.0413166667 121.543246667
25.0413166667 121.543246667
25.0413166667 121.543246667
25.0413166667 121.543246667
25.0413166667 121.543246667
25.0413166667 121.543246667
25.0413166667 121.543246667
25.0413166667 121.543246667
25.0413166667 121.543246667
25.0413166667 121.543246667
25.0413166667 121.543246667
25.0413166667 121.543246667
25.0413166667 121.543246667
25.0413166667 121.543246667
25.0413166667 121.543246667
25.0413166667 121.543246667
25.0413166667 121.543246667
25.0413166667 121.543246667
25.0413 121.54339
25.041245 121.543415
25.0412066667 121.543446667
25.0412083333 121.543501667
25.041225 121.54356
25.041235 121.543691667
25.041275 121.543838333
