24.8816783333 121.07289
24.8822083333 121.073461667
24.882615 121.074468333
24.88272 121.074708333
24.8830083333 121.075426667
24.8831016667 121.075663333
24.8833716667 121.07638
24.8836083333 121.077075
24.88387 121.077975
24.8839316667 121.078206667
24.8839316667 121.078206667
24.8840516667 121.078671667
24.8842483333 121.079586667
24.8843666667 121.080268333
24.8844333333 121.08073
24.88449 121.081206667
24.884565 121.081923333
24.88463 121.082873333
24.8846566667 121.083596667
24.8846566667 121.083596667
24.8846866667 121.084581667
24.8847083333 121.085328333
24.88472 121.085578333
24.8847683333 121.08634
24.8847683333 121.08634
24.8849183333 121.087321667
24.885055 121.08805
24.88526 121.088986667
24.88526 121.088986667
24.8854433333 121.089665
24.8857516667 121.090575
24.8860216667 121.091261667
24.88612 121.091491667
24.88644 121.092181667
24.88644 121.092181667
24.8867833333 121.092863333
24.8867833333 121.092863333
24.8872283333 121.093708333
24.8874783333 121.094128333
24.8876083333 121.094341667
24.8877383333 121.094555
24.888125 121.095203333
24.8886616667 121.096055
24.8889283333 121.09646
24.889055 121.096663333
24.8895716667 121.09749
24.88996 121.098136667
24.8900866667 121.098358333
24.8903283333 121.098805
24.89044 121.09903
24.8907716667 121.099735
24.8911866667 121.10065
24.8913633333 121.101068333
24.891445 121.101265
24.891525 121.101456667
24.8917533333 121.10206
24.8920283333 121.10288
24.8922216667 121.103493333
24.8922833333 121.103703333
24.8924666667 121.104348333
24.8926333333 121.105
24.8928133333 121.105798333
24.892855 121.105996667
24.89294 121.106403333
24.8930733333 121.107183333
24.8931283333 121.107576667
24.8931516667 121.107776667
24.8931966667 121.108185
24.8932366667 121.108586667
24.8933016667 121.109405
24.89333 121.11004
24.8933433333 121.110465
24.8933566667 121.110876667
24.8933533333 121.111485
24.8933266667 121.112318333
24.893305 121.112745
24.893295 121.112958333
24.8932333333 121.113855
24.8931916667 121.114333333
24.89317 121.114581667
24.8930783333 121.115578333
24.8930783333 121.115578333
24.89302 121.116341667
24.893005 121.116598333
24.8929533333 121.117375
24.8929166667 121.118133333
24.8929066667 121.118385
24.8929066667 121.118385
24.8928916667 121.119131667
24.89289 121.119381667
24.8929033333 121.120125
24.8929283333 121.120856667
24.8929433333 121.12109
24.8929916667 121.12178
24.8929916667 121.12178
24.8930433333 121.122423333
24.8931233333 121.12324
24.8931483333 121.123436667
24.8932 121.123836667
24.89332 121.124651667
24.8934183333 121.125218333
24.893485 121.125591667
24.8935533333 121.125975
24.8936816667 121.12658
24.893875 121.127428333
24.8940316667 121.128058333
24.8940316667 121.128058333
24.8942483333 121.128905
24.89442 121.129551667
24.8946433333 121.130378333
24.8946433333 121.130378333
24.89487 121.13122
24.8949283333 121.13143
24.8950433333 121.131845
24.8951583333 121.132273333
24.895275 121.132701667
24.895275 121.132701667
24.89544 121.13333
24.8956616667 121.13414
24.8958216667 121.134733333
24.8958766667 121.134938333
24.8960516667 121.13558
24.8960516667 121.13558
24.89622 121.136206667
24.8964466667 121.137043333
24.8965583333 121.137451667
24.896615 121.137656667
24.896835 121.138456667
24.8970333333 121.139188333
24.8970333333 121.139188333
24.89713 121.139548333
24.8971833333 121.139726667
24.897235 121.139911667
24.89739 121.140466667
24.8975333333 121.140996667
24.8976966667 121.141555
24.8977433333 121.14174
24.89789 121.142358333
24.8981 121.143173333
24.8982066667 121.14361
24.8982633333 121.143835
24.8982633333 121.143835
24.8985233333 121.144743333
24.8987066667 121.145433333
24.89895 121.146398333
24.89895 121.146398333
24.8991883333 121.147308333
24.899365 121.14796
24.899365 121.14796
24.8996066667 121.148853333
24.8996566667 121.149076667
24.8997683333 121.149538333
24.900035 121.150531667
24.90026 121.151313333
24.9004016667 121.15185
24.9005316667 121.152356667
24.90074 121.153131667
24.9010166667 121.154153333
24.9011566667 121.154636667
24.90128 121.155123333
24.9014483333 121.15579
24.9015083333 121.156018333
24.9017233333 121.156705
24.90184 121.15718
24.90192 121.157403333
24.902225 121.15836
24.90244 121.158838333
24.9026766667 121.159338333
24.9028 121.159596667
24.902935 121.15985
24.9030816667 121.160078333
24.90366 121.160905
24.9041466667 121.161508333
24.904885 121.162306667
24.904885 121.162306667
24.9050883333 121.16247
24.9056616667 121.162993333
24.9056616667 121.162993333
24.9062583333 121.163431667
24.90707 121.163936667
24.90707 121.163936667
24.9077216667 121.164276667
24.908675 121.164691667
24.9093866667 121.164923333
24.9096216667 121.16501
24.9103416667 121.165268333
24.9103416667 121.165268333
24.9110816667 121.16553
24.9120383333 121.165858333
24.9123016667 121.165955
24.9125716667 121.166048333
24.9128216667 121.16614
24.913595 121.166393333
24.913845 121.166478333
24.9146033333 121.166736667
24.914845 121.166806667
24.9153466667 121.166988333
24.9155866667 121.167073333
24.9165416667 121.16742
24.916775 121.16751
24.9172466667 121.167658333
24.91798 121.16789
24.9182133333 121.167975
24.9182133333 121.167975
24.9192166667 121.168321667
24.9196866667 121.168493333
24.9199233333 121.168575
24.9206316667 121.168858333
24.9208666667 121.168968333
24.9208666667 121.168968333
24.92155 121.169295
24.922485 121.169781667
24.9227183333 121.169911667
24.92315 121.170201667
24.92315 121.170201667
24.9237733333 121.170611667
24.92398 121.170765
24.924585 121.171215
24.92537 121.171876667
24.9255633333 121.172061667
24.92595 121.172425
24.9267016667 121.173251667
24.9273616667 121.174093333
24.9275383333 121.174308333
24.9275383333 121.174308333
24.9278666667 121.174755
24.92849 121.175663333
24.9286416667 121.175905
24.9289166667 121.176381667
24.9291683333 121.17686
24.9293883333 121.177328333
24.9297433333 121.178065
24.9301716667 121.179095
24.9303583333 121.179625
24.9305433333 121.18016
24.930785 121.18094
24.9311466667 121.181961667
24.931415 121.182731667
24.931415 121.182731667
24.93177 121.183793333
24.9320466667 121.184576667
24.9324816667 121.185593333
24.9324816667 121.185593333
24.9328433333 121.186335
24.9333983333 121.187295
24.9335516667 121.187516667
24.9338516667 121.187968333
24.934015 121.188183333
24.934505 121.188856667
24.9351966667 121.189685
24.9357416667 121.190253333
24.9359483333 121.190396667
24.9359483333 121.190396667
24.936355 121.190765
24.936555 121.190943333
24.9369483333 121.191268333
24.9371466667 121.191428333
24.9379933333 121.192048333
24.9384116667 121.192303333
24.9384116667 121.192303333
24.938845 121.192543333
24.93949 121.192886667
24.940405 121.1933
24.9408683333 121.193471667
24.9410916667 121.193558333
24.94155 121.193711667
24.9419966667 121.193836667
