25.0696316667 121.441998333
25.0696316667 121.441998333
25.0701733333 121.443786667
25.070405 121.444566667
25.0707116667 121.445601667
25.0707116667 121.445601667
25.070955 121.446405
25.0712666667 121.447466667
25.0712666667 121.447466667
25.0715 121.44825
25.0715783333 121.448511667
25.07181 121.449288333
25.0720483333 121.450053333
25.072125 121.450305
25.0723566667 121.451065
25.07243 121.451316667
25.0726633333 121.452081667
25.0729033333 121.452858333
25.0732216667 121.453881667
25.0733 121.454135
25.0733733333 121.454383333
25.0734533333 121.454641667
25.073765 121.45566
25.07398 121.456421667
25.0742 121.457158333
25.0742716667 121.457403333
25.0745 121.458131667
25.074795 121.459118333
25.0749966667 121.45984
25.0749966667 121.45984
25.075235 121.460828333
25.0753833333 121.461578333
25.0754266667 121.46183
25.0755383333 121.46258
25.0755383333 121.46258
25.0755383333 121.46258
25.07564 121.463326667
25.075735 121.46433
25.0757833333 121.465338333
25.07579 121.465595
25.07579 121.465595
25.0757866667 121.466126667
25.0757366667 121.46722
25.0756783333 121.468048333
25.07563 121.468573333
25.07557 121.469088333
25.075445 121.469878333
25.0752383333 121.47091
25.075125 121.47143
25.075 121.471961667
25.075 121.471961667
25.074795 121.472761667
25.074535 121.473763333
25.0744233333 121.474235
25.0743633333 121.474475
25.0741816667 121.475188333
25.074125 121.475413333
25.0739566667 121.47607
25.0738016667 121.476728333
25.0737466667 121.476956667
25.0735966667 121.477661667
25.0734316667 121.478616667
25.0733116667 121.479515
25.0733116667 121.479515
25.0732566667 121.480153333
25.073245 121.480363333
25.0732183333 121.480985
25.0732116667 121.48139
25.0732133333 121.481591667
25.0732133333 121.481791667
25.0732316667 121.482365
25.0732316667 121.482365
25.0732633333 121.48293
25.0733233333 121.483688333
25.0733466667 121.48388
25.073395 121.484275
25.073515 121.485033333
25.0736666667 121.485796667
25.0737083333 121.485986667
25.0737883333 121.486348333
25.0737883333 121.486348333
25.0739716667 121.487101667
25.0741083333 121.487635
25.07419 121.487985
25.0742683333 121.488343333
25.07443 121.489061667
25.0745633333 121.489588333
25.0745633333 121.489588333
25.07464 121.48996
25.07464 121.48996
25.0747333333 121.490343333
25.074785 121.490546667
25.074885 121.490963333
25.074935 121.491165
25.074985 121.491361667
25.0750766667 121.49176
25.0752183333 121.49237
25.0752683333 121.492583333
25.0754266667 121.493236667
25.0754266667 121.493236667
25.075655 121.494145
25.0758083333 121.494806667
25.0758083333 121.494806667
25.075915 121.495258333
25.07602 121.495716667
25.0762533333 121.496663333
25.0763133333 121.4969
25.07643 121.49738
25.0764883333 121.497621667
25.0765433333 121.497868333
25.0766583333 121.498361667
25.076845 121.499111667
25.077075 121.500103333
25.07713 121.50035
25.0772766667 121.50105
25.0773983333 121.5017
25.077475 121.502115
25.077535 121.502518333
25.077565 121.502718333
25.077565 121.502718333
25.077655 121.5033
25.0777416667 121.503901667
25.0777633333 121.504115
25.0778216667 121.504763333
25.0778416667 121.504981667
25.0779083333 121.50562
25.0779533333 121.506253333
25.07798 121.5067
25.0780083333 121.507148333
25.078035 121.50762
25.078045 121.507863333
25.0780766667 121.508845
25.0780766667 121.509085
25.0780733333 121.50983
25.0780733333 121.510086667
25.0780683333 121.51034
25.0780533333 121.51083
25.078025 121.511565
25.077965 121.512525
25.0779266667 121.512991667
25.0778883333 121.513205
25.07782 121.514123333
25.07772 121.514821667
25.0775783333 121.515748333
25.0775783333 121.515748333
25.07752 121.516211667
25.0774866667 121.516441667
25.0773366667 121.517266667
25.077245 121.517856667
25.0772116667 121.518045
25.0771016667 121.518605
25.0769916667 121.519236667
25.0769016667 121.519653333
25.076865 121.519781667
25.0767883333 121.520186667
25.076705 121.520506667
25.0765816667 121.520926667
25.0765466667 121.521036667
25.0764783333 121.521268333
25.0763083333 121.521825
25.07617 121.522283333
25.076015 121.522758333
25.0759616667 121.522923333
25.0757933333 121.523415
25.07557 121.524085
25.0754 121.524538333
25.0753466667 121.524681667
25.0751766667 121.525143333
25.0751766667 121.525143333
25.07495 121.525756667
25.07476 121.526248333
25.07476 121.526248333
25.0744933333 121.526928333
25.0742966667 121.527431667
25.07406 121.528068333
25.07406 121.528068333
25.0738866667 121.528518333
25.0736733333 121.529086667
25.073535 121.52943
25.0735133333 121.529533333
25.07347 121.529621667
25.0734 121.529845
25.0732333333 121.530223333
25.073165 121.530385
25.07314 121.530445
25.07312 121.530486667
25.0730983333 121.530538333
25.073105 121.53054
25.07306 121.530623333
25.0730366667 121.530671667
25.0730233333 121.530701667
25.0729733333 121.530805
25.0728983333 121.530945
25.0728716667 121.531001667
25.0728566667 121.531035
25.0728116667 121.53115
25.0727733333 121.531236667
25.07272 121.53134
25.072705 121.531375
25.0726566667 121.53147
25.07263 121.531528333
25.0725833333 121.53163
25.07256 121.531671667
25.07251 121.53179
25.0724966667 121.53182
25.072485 121.531848333
25.0724866667 121.53185
25.0724866667 121.53185
25.0724416667 121.531913333
25.0723466667 121.532045
25.0722633333 121.532171667
25.0722466667 121.532203333
25.0722166667 121.532266667
25.0721983333 121.5323
25.0721983333 121.5323
25.0721283333 121.532396667
25.0721033333 121.532426667
25.0720383333 121.53251
25.0719933333 121.53256
25.0719833333 121.532566667
25.0719833333 121.532566667
25.0719833333 121.532566667
25.0719566667 121.532598333
25.071895 121.532666667
25.07185 121.532711667
25.0718133333 121.532751667
25.0717333333 121.532826667
25.07162 121.532923333
25.0715633333 121.532965
25.0715516667 121.532973333
25.071485 121.53301
25.0713633333 121.533078333
25.0712983333 121.533108333
25.0712983333 121.533108333
25.0711966667 121.533151667
25.0711133333 121.53318
25.07101 121.533215
25.07101 121.533215
25.070925 121.533226667
25.070825 121.533241667
25.0707566667 121.533256667
25.07073 121.533263333
25.0706433333 121.533271667
25.0705383333 121.533273333
25.0704666667 121.533276667
25.070445 121.533278333
25.0703716667 121.533285
25.0702616667 121.533291667
25.070155 121.533296667
25.070125 121.533301667
25.070125 121.533301667
25.07005 121.533313333
25.0697916667 121.533305
25.06964 121.533296667
25.069475 121.533276667
25.0693966667 121.533265
25.069075 121.533213333
