24.9419966667 121.193836667
24.9431533333 121.19413
24.94408 121.194391667
24.9443066667 121.194466667
24.9447716667 121.194606667
24.9452566667 121.194755
24.945745 121.194903333
24.946455 121.195103333
24.9474216667 121.195381667
24.9479116667 121.195516667
24.948155 121.195585
24.9491266667 121.195875
24.949855 121.1961
24.9505733333 121.196353333
24.9505733333 121.196353333
24.950805 121.196443333
24.9515016667 121.196726667
24.9515016667 121.196726667
24.9524416667 121.197145
24.9531283333 121.197485
24.9533516667 121.197605
24.9540083333 121.19797
24.9548583333 121.198485
24.95548 121.198898333
24.9556833333 121.199043333
24.9562866667 121.199491667
24.9562866667 121.199491667
24.956885 121.199966667
24.9576883333 121.20064
24.9578833333 121.200815
24.9584616667 121.201363333
24.9590166667 121.201918333
24.9590166667 121.201918333
24.9595533333 121.202493333
24.9597316667 121.202691667
24.9599066667 121.202893333
24.9602583333 121.203313333
24.9609566667 121.204216667
24.9614366667 121.204888333
24.9614366667 121.204888333
24.961755 121.20534
24.9619116667 121.205571667
24.9620683333 121.205801667
24.9626783333 121.206745
24.9631216667 121.20745
24.9631216667 121.20745
24.963565 121.208135
24.9637166667 121.208366667
24.964175 121.20906
24.964775 121.209991667
24.96508 121.210458333
24.965235 121.210695
24.965235 121.210695
24.96588 121.211648333
24.9662166667 121.212115
24.9663833333 121.21234
24.9670066667 121.213185
24.9670066667 121.213185
24.9676183333 121.213995
24.9680883333 121.214555
24.9687333333 121.215338333
24.9687333333 121.215338333
24.9687333333 121.215338333
24.9692366667 121.215918333
24.9694066667 121.216105
24.9697533333 121.21649
24.9699266667 121.216688333
24.97062 121.217491667
24.970795 121.217693333
24.971325 121.218296667
24.9715 121.218496667
24.9718433333 121.218896667
24.9718433333 121.218896667
24.9725216667 121.219703333
24.97269 121.219903333
24.973025 121.220301667
24.973195 121.220496667
24.9733666667 121.220691667
24.973705 121.221076667
24.97434 121.22183
24.9744983333 121.222016667
24.9748083333 121.222386667
24.9754166667 121.22309
24.9758816667 121.223635
24.9761983333 121.223995
24.9765133333 121.224363333
24.9769866667 121.224915
24.977615 121.225651667
24.9779366667 121.226033333
24.978095 121.226216667
24.9787266667 121.22695
24.9792 121.227533333
24.9793583333 121.227733333
24.9798466667 121.228353333
24.9798466667 121.228353333
24.980505 121.229165
24.9810233333 121.22975
24.9817283333 121.230541667
24.9817283333 121.230541667
24.9824233333 121.231383333
24.9824233333 121.231383333
24.98294 121.232051667
24.9832933333 121.232501667
24.9836416667 121.23292
24.9836416667 121.23292
24.98416 121.233508333
24.9848833333 121.234268333
24.985255 121.234631667
24.9856333333 121.234986667
24.9856333333 121.234986667
24.9858166667 121.23516
24.9863716667 121.235691667
24.9869183333 121.236225
24.987625 121.236913333
24.987625 121.236913333
24.9881533333 121.237425
24.98833 121.2376
24.9888683333 121.238115
24.989595 121.238841667
24.9897783333 121.239031667
24.9901483333 121.239405
24.9907166667 121.239986667
24.9909033333 121.240176667
24.9910883333 121.240366667
24.9914583333 121.24075
24.9918466667 121.241116667
24.9922233333 121.241501667
24.992595 121.241883333
24.9927816667 121.242075
24.9935233333 121.24282
24.993895 121.243186667
24.9940816667 121.243373333
24.9948233333 121.244123333
24.9955516667 121.244866667
24.9959266667 121.245241667
24.9961133333 121.245433333
24.9964883333 121.245823333
24.996865 121.246226667
24.997415 121.246815
24.9981333333 121.247606667
24.9981333333 121.247606667
24.998665 121.248226667
24.9993566667 121.249033333
24.9998966667 121.249648333
25.000065 121.249871667
25.0003983333 121.2503
25.0012333333 121.251375
25.00173 121.251998333
25.00173 121.251998333
25.001905 121.252208333
25.00221 121.252623333
25.0023683333 121.252831667
25.0026966667 121.253255
25.002855 121.253478333
25.0030183333 121.253681667
25.00353 121.254308333
25.003705 121.254523333
25.004035 121.254943333
25.0046983333 121.2558
25.0053916667 121.256671667
25.005555 121.25688
25.0058816667 121.257305
25.0065366667 121.258151667
25.007025 121.258816667
25.0075266667 121.259445
25.0076766667 121.259656667
25.0081683333 121.26028
25.00883 121.261121667
25.0093283333 121.261775
25.0093283333 121.261775
25.00999 121.262608333
25.0104716667 121.26322
25.0104716667 121.26322
25.0111016667 121.264028333
25.0111016667 121.264028333
25.0115783333 121.264653333
25.0122233333 121.265451667
25.0122233333 121.265451667
25.012705 121.266063333
25.0128583333 121.266286667
25.0128583333 121.266286667
25.0130133333 121.266503333
25.0133483333 121.266943333
25.0139883333 121.267796667
25.014475 121.268423333
25.0148 121.268841667
25.0151333333 121.269265
25.01561 121.269895
25.016255 121.270738333
25.016255 121.270738333
25.0165533333 121.27116
25.0167033333 121.271376667
25.0170183333 121.271793333
25.0173316667 121.272215
25.0179333333 121.273041667
25.0179333333 121.273041667
25.0182466667 121.273455
25.0183983333 121.273655
25.0190316667 121.274445
25.019685 121.275218333
25.0201966667 121.275825
25.0201966667 121.275825
25.0207366667 121.276426667
25.02091 121.27662
25.0214533333 121.277213333
25.021625 121.27741
25.0221716667 121.277973333
25.0221716667 121.277973333
25.022715 121.278533333
25.02289 121.278723333
25.0235966667 121.279513333
25.024135 121.280106667
25.024135 121.280106667
25.0248383333 121.280908333
25.0253983333 121.281531667
25.0260833333 121.282305
25.0260833333 121.282305
25.0265833333 121.282875
25.0267566667 121.28308
25.0272916667 121.283665
25.0272916667 121.283665
25.027805 121.284241667
25.0281566667 121.284625
25.028515 121.285023333
25.0291683333 121.285808333
25.02968 121.286426667
25.029855 121.28662
25.0300233333 121.286826667
25.0303666667 121.287251667
25.0309933333 121.288075
25.0314733333 121.28871
25.0317816667 121.289123333
25.0320833333 121.289556667
25.03253 121.290215
25.0331533333 121.291121667
25.0334566667 121.291545
25.0336016667 121.291753333
25.0341733333 121.292615
25.0343183333 121.292833333
25.0347516667 121.293485
25.0347516667 121.293485
25.0350433333 121.29393
25.0351883333 121.294156667
25.0357416667 121.295055
25.0361483333 121.295716667
25.0366683333 121.296556667
25.0366683333 121.296556667
25.0370666667 121.29719
25.03758 121.298046667
25.0379516667 121.298696667
25.0380783333 121.298925
25.0382066667 121.299145
25.0384633333 121.299586667
25.0389583333 121.300455
25.0393233333 121.301141667
25.0394433333 121.301358333
25.03978 121.301971667
25.03978 121.301971667
25.0401166667 121.302611667
25.04035 121.303053333
25.0405933333 121.30353
25.0407016667 121.303751667
25.0409333333 121.304215
25.0409333333 121.304215
25.0412883333 121.3049
25.04141 121.305141667
25.041765 121.305833333
25.04198 121.306281667
25.04198 121.306281667
25.0421966667 121.30674
25.0426666667 121.307695
25.0430166667 121.308418333
25.0430166667 121.308418333
25.04334 121.309165
25.0434583333 121.309428333
25.0438 121.310188333
